hospital,imagen_idx,y_true,y_pred,prob_0,prob_1,prob_2,prob_3,prob_4,prob_5
Hospital_1,0,3,3,0.012396,0.009481,0.09704,0.791741,0.081377,0.007966
Hospital_1,1,4,4,0.200699,0.054064,0.060005,0.138456,0.355952,0.190824
Hospital_1,2,3,3,0.04751,0.018086,0.232613,0.577181,0.109049,0.015562
Hospital_1,3,4,4,0.17683,0.065807,0.074679,0.176416,0.351969,0.154299
Hospital_1,4,0,0,0.691209,0.058904,0.146474,0.023963,0.039149,0.0403
Hospital_1,5,1,1,0.148383,0.626352,0.068199,0.03053,0.046097,0.080439
Hospital_1,6,2,2,0.055592,0.003384,0.933194,0.003359,0.002556,0.001914
Hospital_1,7,0,0,0.484757,0.044081,0.37355,0.028204,0.036105,0.033304
Hospital_1,8,0,0,0.545314,0.09305,0.224248,0.028053,0.043209,0.066125
Hospital_1,9,0,0,0.675533,0.039494,0.188232,0.022957,0.035216,0.038568
Hospital_1,10,1,1,0.162379,0.495412,0.094778,0.054946,0.077251,0.115233
Hospital_1,11,4,4,0.18465,0.05717,0.059146,0.138793,0.391937,0.168303
Hospital_1,12,5,5,0.123439,0.119581,0.05373,0.054202,0.096497,0.552552
Hospital_1,13,2,2,0.044932,0.003668,0.942904,0.003979,0.002831,0.001687
Hospital_1,14,5,5,0.118882,0.056837,0.035157,0.027966,0.057954,0.703203
Hospital_1,15,5,5,0.28763,0.099631,0.036279,0.04338,0.138992,0.394087
Hospital_1,16,3,3,0.054183,0.026201,0.270633,0.506246,0.116435,0.026303
Hospital_1,17,4,2,0.351691,0.046079,0.435904,0.048682,0.068872,0.048773
Hospital_1,18,4,5,0.194561,0.097158,0.074785,0.145192,0.21657,0.271733
Hospital_1,19,5,0,0.291786,0.108675,0.076318,0.096465,0.184503,0.242253
Hospital_1,20,3,3,0.038305,0.019804,0.098675,0.666583,0.15368,0.022953
Hospital_1,21,3,3,0.063018,0.025269,0.220046,0.544348,0.127731,0.019587
Hospital_1,22,4,4,0.187909,0.060084,0.071599,0.181861,0.347955,0.150591
Hospital_1,23,2,2,0.082669,0.006481,0.897067,0.005859,0.004739,0.003184
Hospital_1,24,5,5,0.085236,0.105191,0.03451,0.036008,0.060369,0.678686
Hospital_1,25,3,3,0.034006,0.014609,0.171623,0.653814,0.111888,0.014061
Hospital_1,26,5,5,0.128387,0.085752,0.064694,0.046303,0.054848,0.620016
Hospital_1,27,1,1,0.146706,0.509219,0.079428,0.049175,0.065743,0.149729
Hospital_1,28,5,5,0.09172,0.067084,0.030322,0.023317,0.045561,0.741996
Hospital_1,29,1,1,0.171348,0.59607,0.068566,0.035429,0.05319,0.075397
Hospital_1,30,1,1,0.181076,0.453155,0.109454,0.064672,0.085358,0.106285
Hospital_1,31,0,0,0.657017,0.036608,0.210506,0.023127,0.034838,0.037904
Hospital_1,32,0,0,0.657892,0.042034,0.208753,0.025615,0.037633,0.028074
Hospital_1,33,0,0,0.786063,0.030989,0.114724,0.016333,0.029072,0.022819
Hospital_1,34,4,4,0.175632,0.061103,0.071609,0.182656,0.368416,0.140582
Hospital_1,35,3,3,0.020223,0.011984,0.130717,0.74344,0.083979,0.009657
Hospital_1,36,0,0,0.556207,0.089177,0.262177,0.023643,0.032501,0.036294
Hospital_1,37,2,2,0.0468,0.003824,0.941122,0.003816,0.002668,0.00177
Hospital_1,38,3,3,0.042436,0.027411,0.149533,0.557259,0.183488,0.039872
Hospital_1,39,5,5,0.058147,0.050706,0.037636,0.025067,0.031556,0.796888
Hospital_1,40,4,4,0.165569,0.055043,0.06302,0.154702,0.390633,0.171034
Hospital_1,41,0,0,0.530898,0.078965,0.202785,0.043182,0.061667,0.082503
Hospital_1,42,1,1,0.17719,0.380478,0.109906,0.078634,0.101506,0.152286
Hospital_1,43,5,5,0.182379,0.098891,0.032944,0.033767,0.083092,0.568927
Hospital_1,44,1,1,0.175501,0.33471,0.108075,0.086927,0.10845,0.186336
Hospital_1,45,2,2,0.06836,0.002943,0.923927,0.00202,0.00166,0.00109
Hospital_1,46,5,5,0.187448,0.17467,0.139618,0.129299,0.160866,0.2081
Hospital_1,47,3,3,0.016361,0.012978,0.13504,0.735663,0.089332,0.010626
Hospital_1,48,0,0,0.648836,0.047698,0.190838,0.024984,0.04162,0.046024
Hospital_1,49,5,5,0.124662,0.098897,0.026634,0.023266,0.050424,0.676117
Hospital_1,50,2,2,0.075723,0.004674,0.908607,0.004924,0.003765,0.002308
Hospital_1,51,2,2,0.053104,0.003316,0.935509,0.003893,0.00276,0.001418
Hospital_1,52,3,3,0.0732,0.028638,0.363465,0.419046,0.096148,0.019502
Hospital_1,53,5,5,0.194867,0.143821,0.12179,0.07167,0.116766,0.351084
Hospital_1,54,5,5,0.081641,0.06983,0.065366,0.040335,0.041374,0.701454
Hospital_1,55,0,0,0.444638,0.037284,0.414063,0.032309,0.040526,0.03118
Hospital_1,56,5,5,0.172928,0.134012,0.03425,0.03857,0.09917,0.52107
Hospital_1,57,1,1,0.143686,0.473586,0.086745,0.050621,0.071027,0.174335
Hospital_1,58,1,1,0.163238,0.497996,0.093189,0.047906,0.070669,0.127001
Hospital_1,59,1,1,0.161948,0.360166,0.122111,0.092097,0.115783,0.147895
Hospital_1,60,0,0,0.563275,0.042933,0.264253,0.034015,0.051056,0.044467
Hospital_1,61,4,4,0.273004,0.061854,0.063779,0.115363,0.314671,0.171329
Hospital_1,62,2,2,0.05338,0.003959,0.931444,0.005568,0.003615,0.002034
Hospital_1,63,3,3,0.019707,0.013145,0.108196,0.764508,0.084904,0.00954
Hospital_1,64,5,5,0.09557,0.076996,0.052709,0.030198,0.0418,0.702726
Hospital_1,65,0,0,0.619534,0.036824,0.268723,0.021236,0.029648,0.024035
Hospital_1,66,2,2,0.105489,0.005752,0.878052,0.004523,0.00407,0.002114
Hospital_1,67,2,2,0.048288,0.004083,0.938837,0.004116,0.002843,0.001833
Hospital_1,68,2,2,0.046725,0.002941,0.942705,0.003412,0.00245,0.001768
Hospital_1,69,1,1,0.12502,0.632154,0.061939,0.033257,0.052018,0.095611
Hospital_1,70,2,2,0.057832,0.003299,0.929716,0.004169,0.003059,0.001925
Hospital_1,71,3,3,0.027248,0.013117,0.311894,0.572022,0.068453,0.007267
Hospital_1,72,0,0,0.44414,0.050727,0.395683,0.032572,0.041082,0.035796
Hospital_1,73,4,4,0.177102,0.055032,0.059342,0.150005,0.403587,0.154933
Hospital_1,74,5,5,0.208986,0.174482,0.04988,0.04489,0.101738,0.420024
Hospital_1,75,0,0,0.553784,0.065616,0.175662,0.049375,0.079141,0.07642
Hospital_1,76,4,4,0.176802,0.061165,0.07114,0.181053,0.361085,0.148755
Hospital_1,77,1,1,0.167299,0.393751,0.109766,0.080822,0.10363,0.144732
Hospital_1,78,3,3,0.040008,0.018851,0.121219,0.649135,0.149057,0.02173
Hospital_1,79,4,4,0.226588,0.08301,0.110163,0.180905,0.252962,0.146371
Hospital_1,80,2,2,0.049919,0.003574,0.936394,0.004628,0.003248,0.002237
Hospital_1,81,4,4,0.211533,0.090626,0.100746,0.187363,0.257449,0.152282
Hospital_1,82,3,3,0.025229,0.01136,0.257963,0.621254,0.075467,0.008727
Hospital_1,83,3,3,0.044322,0.019183,0.131632,0.665589,0.122013,0.017261
Hospital_1,84,5,5,0.057183,0.035052,0.036201,0.020392,0.023668,0.827505
Hospital_1,85,2,2,0.056341,0.00423,0.930227,0.004225,0.003034,0.001943
Hospital_1,86,3,3,0.039036,0.02091,0.129402,0.675673,0.117298,0.017682
Hospital_1,87,1,1,0.202121,0.288908,0.127839,0.086455,0.106169,0.188508
Hospital_1,88,2,2,0.036621,0.001722,0.958208,0.00165,0.001128,0.000671
Hospital_1,89,2,2,0.052665,0.004042,0.933026,0.004706,0.003405,0.002155
Hospital_1,90,4,4,0.168176,0.045038,0.053677,0.130712,0.404429,0.197967
Hospital_1,91,0,0,0.60236,0.048762,0.207945,0.037225,0.055848,0.04786
Hospital_1,92,5,5,0.099248,0.107599,0.089399,0.056844,0.068003,0.578906
Hospital_1,93,2,2,0.059219,0.003825,0.928365,0.003651,0.002866,0.002073
Hospital_1,94,0,0,0.677799,0.068684,0.184935,0.015834,0.022179,0.03057
Hospital_1,95,2,2,0.042438,0.003866,0.942878,0.005184,0.003427,0.002206
Hospital_1,96,5,5,0.11062,0.13869,0.045533,0.03049,0.043277,0.631389
Hospital_1,97,1,1,0.185071,0.356861,0.097926,0.069712,0.088987,0.201444
Hospital_1,98,1,1,0.153273,0.420618,0.088977,0.069013,0.093319,0.1748
Hospital_1,99,0,0,0.664958,0.060583,0.136926,0.026087,0.048312,0.063135
Hospital_1,100,2,2,0.039132,0.003363,0.949122,0.004068,0.002681,0.001634
Hospital_1,101,3,3,0.032567,0.021539,0.157637,0.651123,0.119973,0.017161
Hospital_1,102,3,3,0.047994,0.028271,0.175066,0.584216,0.133617,0.030835
Hospital_1,103,5,5,0.147478,0.071544,0.048775,0.037958,0.073373,0.620871
Hospital_1,104,2,2,0.086428,0.00627,0.895711,0.004641,0.004033,0.002917
Hospital_1,105,0,0,0.680145,0.051404,0.124113,0.023525,0.038128,0.082686
Hospital_1,106,5,5,0.209671,0.083344,0.031947,0.042698,0.142451,0.489889
Hospital_1,107,2,2,0.081927,0.005957,0.898055,0.005915,0.004964,0.003182
Hospital_1,108,1,1,0.154521,0.401527,0.09314,0.071971,0.093231,0.18561
Hospital_1,109,0,0,0.610229,0.050353,0.214988,0.035014,0.049496,0.03992
Hospital_1,110,0,0,0.566474,0.056398,0.264891,0.026958,0.038198,0.047081
Hospital_1,111,0,0,0.598435,0.057113,0.230176,0.033117,0.041893,0.039266
Hospital_1,112,0,0,0.748621,0.046312,0.108848,0.017373,0.031483,0.047363
Hospital_1,113,1,1,0.181608,0.310233,0.128402,0.093725,0.116982,0.16905
Hospital_1,114,1,1,0.16269,0.400602,0.094878,0.073341,0.088198,0.18029
Hospital_1,115,4,4,0.173327,0.055414,0.061081,0.159359,0.384116,0.166702
Hospital_1,116,3,3,0.04239,0.018457,0.184119,0.642895,0.096631,0.015509
Hospital_1,117,4,4,0.196456,0.074064,0.094426,0.200255,0.288903,0.145896
Hospital_1,118,0,0,0.57047,0.06548,0.217496,0.035799,0.046057,0.064698
Hospital_1,119,4,0,0.273926,0.087862,0.064806,0.090391,0.233946,0.24907
Hospital_1,120,1,1,0.15511,0.468885,0.075354,0.052724,0.079573,0.168353
Hospital_1,121,0,0,0.5633,0.049219,0.25729,0.033271,0.050597,0.046323
Hospital_1,122,1,1,0.218761,0.491529,0.094215,0.037985,0.056237,0.101273
Hospital_1,123,5,5,0.061618,0.061314,0.018353,0.022023,0.044783,0.791909
Hospital_1,124,4,4,0.19833,0.073634,0.085797,0.187712,0.31466,0.139867
Hospital_1,125,5,5,0.190341,0.167136,0.137454,0.127638,0.160723,0.216709
Hospital_1,126,3,3,0.016883,0.012001,0.119383,0.744411,0.09721,0.010113
Hospital_1,127,5,5,0.077887,0.048509,0.033729,0.028792,0.04012,0.770963
Hospital_1,128,4,4,0.156238,0.058255,0.066119,0.169417,0.393441,0.15653
Hospital_1,129,1,1,0.164463,0.582228,0.084896,0.042181,0.05645,0.069781
Hospital_1,130,4,4,0.167305,0.056966,0.067448,0.175589,0.382378,0.150313
Hospital_1,131,2,2,0.058233,0.003386,0.931198,0.003111,0.002417,0.001654
Hospital_1,132,0,0,0.465692,0.043911,0.379942,0.033283,0.042345,0.034826
Hospital_1,133,1,1,0.194017,0.298155,0.107421,0.09278,0.126813,0.180814
Hospital_1,134,3,3,0.028936,0.014907,0.098397,0.726423,0.117119,0.014219
Hospital_1,135,2,2,0.050164,0.003614,0.937178,0.004304,0.002994,0.001746
Hospital_1,136,3,3,0.030318,0.014018,0.101548,0.710712,0.128474,0.014931
Hospital_1,137,1,1,0.194287,0.597834,0.067304,0.026479,0.042448,0.071648
Hospital_1,138,3,3,0.023896,0.013631,0.128215,0.735253,0.088433,0.010571
Hospital_1,139,3,2,0.082207,0.042164,0.368593,0.34326,0.124542,0.039233
Hospital_1,140,1,1,0.143419,0.516439,0.081669,0.050091,0.069715,0.138668
Hospital_1,141,1,1,0.138465,0.417562,0.083117,0.054365,0.075831,0.230661
Hospital_1,142,5,5,0.19793,0.195463,0.049489,0.036014,0.069844,0.451261
Hospital_1,143,2,2,0.057645,0.003645,0.930963,0.003466,0.002587,0.001693
Hospital_1,144,4,4,0.160799,0.055667,0.087566,0.215899,0.339457,0.140612
Hospital_1,145,2,2,0.106279,0.00713,0.872404,0.005377,0.005012,0.003798
Hospital_1,146,3,3,0.030134,0.016101,0.105599,0.630424,0.192835,0.024908
Hospital_1,147,5,5,0.20094,0.11342,0.04383,0.041897,0.112832,0.48708
Hospital_1,148,5,5,0.055253,0.070988,0.019016,0.017028,0.028637,0.809078
Hospital_1,149,4,4,0.180331,0.046861,0.054406,0.135499,0.398552,0.184351
Hospital_1,150,3,3,0.018643,0.01326,0.084496,0.721999,0.141506,0.020097
Hospital_1,151,2,2,0.04922,0.003302,0.939767,0.003798,0.002537,0.001377
Hospital_1,152,5,5,0.254598,0.080996,0.036552,0.050674,0.177844,0.399337
Hospital_1,153,1,1,0.171898,0.52204,0.082297,0.03444,0.053171,0.136154
Hospital_1,154,1,1,0.173894,0.548489,0.078806,0.038912,0.05694,0.102959
Hospital_1,155,1,1,0.174138,0.504877,0.089999,0.048737,0.068389,0.11386
Hospital_1,156,5,5,0.097276,0.104903,0.089156,0.073707,0.073065,0.561893
Hospital_1,157,0,0,0.609867,0.030995,0.278639,0.022893,0.029361,0.028246
Hospital_1,158,3,3,0.029306,0.019099,0.134051,0.686052,0.115055,0.016435
Hospital_1,159,1,1,0.143163,0.509051,0.089982,0.058638,0.079313,0.119853
Hospital_1,160,4,4,0.184067,0.05404,0.058325,0.139825,0.381893,0.18185
Hospital_1,161,2,2,0.104747,0.004468,0.88213,0.003342,0.00308,0.002233
Hospital_1,162,2,2,0.095567,0.006485,0.882393,0.006342,0.00549,0.003724
Hospital_1,163,5,5,0.28556,0.119042,0.029728,0.033805,0.098058,0.433807
Hospital_1,164,1,1,0.145162,0.526623,0.07897,0.04997,0.068784,0.130492
Hospital_1,165,0,0,0.52808,0.046526,0.303421,0.03655,0.051493,0.03393
Hospital_1,166,4,4,0.181045,0.067682,0.090129,0.209649,0.309426,0.142068
Hospital_1,167,0,0,0.693988,0.059612,0.119144,0.027607,0.047291,0.052357
Hospital_1,168,2,2,0.067316,0.00552,0.918309,0.003934,0.003158,0.001763
Hospital_1,169,5,5,0.147747,0.08428,0.022053,0.020717,0.058791,0.666412
Hospital_1,170,5,5,0.297235,0.092431,0.045645,0.064751,0.177409,0.32253
Hospital_1,171,2,2,0.046959,0.002925,0.942116,0.003676,0.002562,0.001761
Hospital_1,172,0,0,0.655146,0.074028,0.165399,0.01857,0.032854,0.054004
Hospital_1,173,2,2,0.038719,0.00197,0.954492,0.002385,0.001555,0.000879
Hospital_1,174,2,2,0.118121,0.005332,0.869904,0.002603,0.002404,0.001637
Hospital_1,175,4,4,0.176677,0.052808,0.058511,0.154974,0.403912,0.153118
Hospital_1,176,5,5,0.064124,0.056759,0.02122,0.022702,0.036039,0.799156
Hospital_1,177,5,5,0.130519,0.166445,0.039965,0.030841,0.051562,0.580668
Hospital_1,178,0,0,0.657827,0.068382,0.155093,0.029289,0.044273,0.045136
Hospital_1,179,2,2,0.045037,0.002743,0.945479,0.003286,0.002238,0.001217
Hospital_1,180,0,0,0.561155,0.042503,0.293086,0.02757,0.038409,0.037277
Hospital_1,181,5,5,0.111276,0.08539,0.085212,0.047739,0.065908,0.604475
Hospital_1,182,0,0,0.780512,0.037604,0.098625,0.017755,0.035861,0.029644
Hospital_1,183,4,4,0.244617,0.066577,0.056644,0.094846,0.275866,0.261451
Hospital_1,184,3,3,0.040378,0.034587,0.16977,0.581763,0.144984,0.028517
Hospital_1,185,5,5,0.241917,0.123368,0.065447,0.085377,0.170641,0.313249
Hospital_1,186,4,4,0.167327,0.053502,0.063447,0.16072,0.380399,0.174606
Hospital_1,187,1,1,0.137169,0.562515,0.072383,0.043478,0.062073,0.122384
Hospital_1,188,1,1,0.156338,0.45305,0.120741,0.068199,0.086032,0.115639
Hospital_1,189,0,0,0.626713,0.045777,0.183877,0.038368,0.061345,0.04392
Hospital_1,190,5,5,0.161617,0.127859,0.060422,0.075477,0.135422,0.439203
Hospital_1,191,5,5,0.071992,0.079208,0.023954,0.018383,0.031428,0.775036
Hospital_1,192,2,2,0.089415,0.003966,0.897641,0.004185,0.003157,0.001636
Hospital_1,193,1,1,0.168506,0.340938,0.104291,0.084898,0.1012,0.200167
Hospital_1,194,4,4,0.166066,0.056056,0.072311,0.186491,0.374621,0.144455
Hospital_1,195,2,2,0.093691,0.006247,0.885437,0.005866,0.005258,0.003501
Hospital_1,196,1,1,0.158377,0.411113,0.115179,0.081086,0.105291,0.128952
Hospital_1,197,3,3,0.034002,0.019398,0.162733,0.624126,0.142242,0.017501
Hospital_1,198,4,4,0.147383,0.050809,0.070805,0.187209,0.400723,0.143071
Hospital_1,199,1,1,0.168316,0.39939,0.108645,0.081399,0.103586,0.138665
Hospital_1,200,0,0,0.633075,0.052393,0.184591,0.031054,0.043246,0.055641
Hospital_1,201,0,0,0.593183,0.044401,0.219077,0.036832,0.057929,0.048577
Hospital_1,202,5,5,0.202958,0.066657,0.026505,0.038476,0.114028,0.551377
Hospital_1,203,5,5,0.056205,0.056658,0.031212,0.027546,0.045673,0.782707
Hospital_1,204,0,0,0.576915,0.045021,0.242238,0.033352,0.052112,0.050362
Hospital_1,205,0,0,0.602353,0.036723,0.269786,0.023461,0.035757,0.031921
Hospital_1,206,5,5,0.12587,0.085453,0.040859,0.036724,0.065737,0.645357
Hospital_1,207,3,3,0.022745,0.015348,0.099835,0.716087,0.129238,0.016748
Hospital_1,208,0,0,0.624537,0.042384,0.189764,0.037028,0.061162,0.045126
Hospital_1,209,4,4,0.234268,0.060169,0.073553,0.1348,0.291609,0.205601
Hospital_1,210,2,2,0.107439,0.00689,0.867409,0.007633,0.00676,0.003869
Hospital_1,211,3,3,0.02381,0.015144,0.210595,0.643178,0.092806,0.014468
Hospital_1,212,1,1,0.139631,0.490321,0.08991,0.0536,0.071893,0.154644
Hospital_1,213,0,0,0.577572,0.05892,0.196729,0.044018,0.062506,0.060254
Hospital_1,214,4,4,0.180438,0.06775,0.076829,0.178721,0.343862,0.1524
Hospital_1,215,5,5,0.259283,0.136586,0.049141,0.0561,0.137517,0.361373
Hospital_1,216,5,5,0.073173,0.069166,0.069433,0.050708,0.060484,0.677037
Hospital_1,217,5,5,0.081212,0.072084,0.057328,0.042103,0.058503,0.68877
Hospital_1,218,1,1,0.171303,0.317939,0.117215,0.100417,0.126654,0.166471
Hospital_1,219,5,5,0.099446,0.041146,0.024316,0.018836,0.039595,0.776661
Hospital_1,220,5,5,0.054384,0.065115,0.020937,0.02126,0.033023,0.805281
Hospital_1,221,3,3,0.029289,0.014294,0.113816,0.72027,0.109462,0.012868
Hospital_1,222,1,1,0.136414,0.578563,0.067398,0.042062,0.060258,0.115304
Hospital_1,223,2,2,0.079411,0.004578,0.906495,0.00402,0.003222,0.002275
Hospital_1,224,3,3,0.040548,0.020033,0.169996,0.61819,0.128637,0.022597
Hospital_1,225,0,0,0.571539,0.042856,0.285484,0.026255,0.036107,0.037759
Hospital_1,226,0,0,0.585196,0.039979,0.305447,0.019274,0.026373,0.023732
Hospital_1,227,2,2,0.061552,0.003258,0.926427,0.004094,0.002928,0.001741
Hospital_1,228,5,0,0.315832,0.125346,0.116258,0.074788,0.105085,0.262692
Hospital_1,229,5,5,0.057972,0.038184,0.027387,0.025533,0.032928,0.817995
Hospital_1,230,5,5,0.064252,0.050765,0.014889,0.017862,0.038936,0.813297
Hospital_1,231,4,4,0.162387,0.056935,0.097972,0.225314,0.313493,0.143898
Hospital_1,232,0,0,0.622069,0.062566,0.177381,0.033331,0.051821,0.052833
Hospital_1,233,2,2,0.047107,0.003805,0.940419,0.004096,0.002883,0.00169
Hospital_1,234,5,5,0.074444,0.078622,0.066106,0.04981,0.050443,0.680574
Hospital_1,235,5,5,0.060809,0.046095,0.02752,0.024518,0.045952,0.795106
Hospital_1,236,3,3,0.01755,0.013211,0.187235,0.695832,0.07718,0.008992
Hospital_1,237,0,0,0.393534,0.08654,0.379107,0.044468,0.049106,0.047245
Hospital_1,238,4,0,0.410431,0.081791,0.065091,0.070049,0.169423,0.203215
Hospital_1,239,3,3,0.020982,0.013996,0.081448,0.728263,0.138167,0.017145
Hospital_1,240,4,4,0.182138,0.062646,0.071775,0.167415,0.351884,0.164143
Hospital_1,241,3,3,0.050508,0.024077,0.187125,0.595108,0.12096,0.02222
Hospital_1,242,1,1,0.169162,0.394088,0.10814,0.077064,0.099094,0.152451
Hospital_1,243,2,2,0.069008,0.004239,0.917507,0.004167,0.003086,0.001994
Hospital_1,244,4,4,0.164787,0.058625,0.073051,0.18997,0.365035,0.148533
Hospital_1,245,3,3,0.027029,0.015077,0.122502,0.674006,0.142038,0.019347
Hospital_1,246,5,5,0.158693,0.061273,0.033738,0.049859,0.16982,0.526617
Hospital_1,247,4,4,0.173924,0.053337,0.060822,0.162568,0.401528,0.14782
Hospital_1,248,0,0,0.650525,0.052113,0.182376,0.030044,0.043438,0.041504
Hospital_1,249,5,5,0.076508,0.066267,0.04857,0.036232,0.050981,0.721442
Hospital_1,250,3,3,0.02047,0.012848,0.086993,0.751785,0.113985,0.013919
Hospital_1,251,5,5,0.103799,0.097208,0.059005,0.036807,0.049121,0.654059
Hospital_1,252,3,3,0.0189,0.013359,0.175823,0.683398,0.098097,0.010423
Hospital_1,253,5,5,0.074619,0.054855,0.052514,0.03858,0.052462,0.72697
Hospital_1,254,1,1,0.150656,0.388487,0.093566,0.075956,0.094382,0.196953
Hospital_1,255,1,1,0.162733,0.371183,0.102952,0.084355,0.109666,0.169111
Hospital_1,256,0,0,0.647216,0.047438,0.21384,0.024449,0.033867,0.03319
Hospital_1,257,0,0,0.621684,0.055637,0.190959,0.036776,0.050438,0.044506
Hospital_1,258,0,0,0.48012,0.05836,0.298978,0.047199,0.062718,0.052626
Hospital_1,259,5,5,0.085909,0.085025,0.02393,0.019294,0.036944,0.748898
Hospital_1,260,0,0,0.673918,0.073235,0.182386,0.017153,0.024012,0.029296
Hospital_1,261,1,1,0.148561,0.388027,0.098031,0.076499,0.107226,0.181657
Hospital_1,262,1,1,0.188589,0.265266,0.13604,0.105438,0.134554,0.170113
Hospital_1,263,5,5,0.166222,0.093517,0.026767,0.026983,0.073084,0.613426
Hospital_1,264,3,3,0.020543,0.013217,0.119865,0.745322,0.090493,0.01056
Hospital_1,265,4,4,0.167449,0.050356,0.062842,0.141193,0.377625,0.200535
Hospital_1,266,1,1,0.161214,0.474996,0.090535,0.064858,0.08723,0.121167
Hospital_1,267,3,3,0.028976,0.017899,0.209838,0.643232,0.089626,0.010429
Hospital_1,268,3,3,0.015912,0.011705,0.10826,0.751025,0.102554,0.010543
Hospital_1,269,3,3,0.047567,0.022117,0.255808,0.543573,0.108013,0.022922
Hospital_1,270,0,0,0.530364,0.04774,0.312893,0.029985,0.040336,0.038682
Hospital_1,271,3,3,0.04319,0.016867,0.26524,0.557997,0.100221,0.016486
Hospital_1,272,0,0,0.548119,0.066694,0.227358,0.043696,0.059844,0.054289
Hospital_1,273,3,3,0.018787,0.013766,0.128162,0.720395,0.105218,0.013672
Hospital_1,274,1,1,0.129746,0.587346,0.075538,0.038244,0.056766,0.112361
Hospital_1,275,0,0,0.588511,0.050076,0.20881,0.036918,0.053415,0.062268
Hospital_1,276,2,2,0.02899,0.002924,0.960802,0.003684,0.002221,0.001379
Hospital_1,277,1,1,0.135444,0.480043,0.083377,0.058933,0.081825,0.160377
Hospital_1,278,1,1,0.203448,0.48802,0.096746,0.041938,0.061557,0.10829
Hospital_1,279,0,0,0.630856,0.044313,0.181758,0.03647,0.061584,0.04502
Hospital_1,280,0,0,0.572558,0.073976,0.185578,0.031864,0.053359,0.082665
Hospital_1,281,2,2,0.097686,0.00636,0.880891,0.006103,0.005499,0.00346
Hospital_1,282,5,5,0.253267,0.154145,0.045304,0.039227,0.090985,0.417072
Hospital_1,283,0,0,0.581491,0.043944,0.245994,0.03131,0.048796,0.048465
Hospital_1,284,3,3,0.036852,0.018998,0.17895,0.603254,0.142608,0.019338
Hospital_1,285,1,1,0.16119,0.524104,0.090067,0.041673,0.061195,0.121771
Hospital_1,286,0,0,0.564136,0.063727,0.185208,0.041753,0.0669,0.078276
Hospital_1,287,0,0,0.577089,0.050788,0.210031,0.041778,0.064175,0.056138
Hospital_1,288,3,3,0.026456,0.013807,0.189001,0.673475,0.087084,0.010176
Hospital_1,289,2,2,0.033101,0.002703,0.957624,0.003312,0.002008,0.001252
Hospital_1,290,0,0,0.533765,0.135964,0.171804,0.031508,0.054114,0.072845
Hospital_1,291,2,2,0.092627,0.006295,0.889462,0.004743,0.004049,0.002824
Hospital_1,292,4,4,0.156361,0.06443,0.066114,0.179693,0.387601,0.145801
Hospital_1,293,2,2,0.045589,0.003116,0.942919,0.004131,0.002717,0.001528
Hospital_1,294,0,0,0.64821,0.036105,0.237158,0.022763,0.030382,0.025381
Hospital_1,295,5,5,0.256724,0.136171,0.051606,0.059587,0.147317,0.348596
Hospital_1,296,3,3,0.048906,0.019504,0.135114,0.617306,0.155709,0.02346
Hospital_1,297,4,0,0.231698,0.072062,0.209871,0.143479,0.214348,0.128542
Hospital_1,298,4,4,0.183036,0.055846,0.069769,0.171221,0.371518,0.14861
Hospital_1,299,2,2,0.091703,0.006694,0.893746,0.003073,0.002932,0.001852
Hospital_1,300,5,5,0.217088,0.062378,0.02743,0.042529,0.10847,0.542106
Hospital_1,301,1,1,0.149304,0.483761,0.089185,0.059949,0.077301,0.1405
Hospital_1,302,5,5,0.242364,0.123511,0.066184,0.076298,0.141999,0.349645
Hospital_1,303,0,0,0.572189,0.050716,0.264796,0.035271,0.043877,0.033151
Hospital_1,304,2,2,0.077402,0.005625,0.903579,0.005596,0.004653,0.003145
Hospital_1,305,5,5,0.183537,0.064728,0.037388,0.050332,0.112231,0.551783
Hospital_1,306,4,4,0.205173,0.073221,0.0829,0.181785,0.30807,0.148851
Hospital_1,307,0,0,0.733102,0.034554,0.181135,0.013832,0.017958,0.01942
Hospital_1,308,0,0,0.611415,0.046664,0.22118,0.034485,0.047836,0.038421
Hospital_1,309,2,2,0.121061,0.00673,0.857813,0.005529,0.005052,0.003815
Hospital_1,310,3,3,0.073494,0.03275,0.203576,0.480435,0.170365,0.03938
Hospital_1,311,4,0,0.329721,0.09101,0.239781,0.082062,0.11161,0.145816
Hospital_1,312,3,3,0.023878,0.014849,0.155852,0.674099,0.120889,0.010432
Hospital_1,313,0,0,0.647206,0.034903,0.239194,0.020883,0.028312,0.029502
Hospital_1,314,0,0,0.796927,0.041037,0.073048,0.01757,0.036483,0.034934
Hospital_1,315,2,2,0.036559,0.002864,0.953666,0.003439,0.002162,0.00131
Hospital_1,316,1,1,0.162995,0.451733,0.114477,0.067219,0.087833,0.115743
Hospital_1,317,4,4,0.173229,0.063627,0.08646,0.211934,0.337261,0.12749
Hospital_1,318,3,3,0.170837,0.0615,0.236114,0.262446,0.183484,0.085619
Hospital_1,319,5,5,0.166217,0.117467,0.084206,0.047722,0.066339,0.518049
Hospital_1,320,0,0,0.624362,0.053839,0.182343,0.037607,0.054963,0.046887
Hospital_1,321,4,4,0.19039,0.063865,0.074698,0.170354,0.356743,0.143949
Hospital_1,322,3,3,0.017251,0.014196,0.113451,0.756297,0.089588,0.009218
Hospital_1,323,0,0,0.6889,0.053787,0.149057,0.0252,0.03973,0.043327
Hospital_1,324,5,5,0.235817,0.119052,0.040977,0.043624,0.142792,0.417738
Hospital_1,325,2,2,0.051527,0.00354,0.934811,0.004616,0.003281,0.002224
Hospital_1,326,4,4,0.196755,0.062303,0.070256,0.157701,0.359432,0.153553
Hospital_1,327,5,5,0.146825,0.126873,0.044395,0.031003,0.046567,0.604337
Hospital_1,328,4,4,0.149025,0.052671,0.063194,0.174158,0.403758,0.157193
Hospital_1,329,3,3,0.025306,0.014386,0.143858,0.714384,0.090877,0.011189
Hospital_1,330,1,1,0.15494,0.376103,0.109375,0.089057,0.115265,0.155259
Hospital_1,331,0,0,0.696251,0.032913,0.19494,0.017934,0.028205,0.029756
Hospital_1,332,4,4,0.169317,0.063749,0.069991,0.179115,0.375043,0.142784
Hospital_1,333,2,2,0.090825,0.006079,0.893579,0.003942,0.003442,0.002134
Hospital_1,334,3,3,0.017023,0.011897,0.186716,0.702309,0.073415,0.00864
Hospital_1,335,1,1,0.209984,0.277914,0.133673,0.087925,0.115917,0.174588
Hospital_1,336,5,5,0.098654,0.066935,0.019541,0.017999,0.041958,0.754913
Hospital_1,337,3,3,0.018229,0.010753,0.114934,0.743224,0.101542,0.011318
Hospital_1,338,5,5,0.093896,0.085262,0.07073,0.050036,0.052254,0.647823
Hospital_1,339,2,2,0.028476,0.00285,0.961255,0.003784,0.002246,0.001389
Hospital_1,340,5,5,0.150061,0.107665,0.047647,0.035317,0.052492,0.606818
Hospital_1,341,3,3,0.030017,0.019686,0.102151,0.662503,0.156347,0.029296
Hospital_1,342,0,0,0.573746,0.081831,0.255575,0.02171,0.028947,0.038191
Hospital_1,343,5,5,0.119954,0.073472,0.054803,0.038462,0.051246,0.662063
Hospital_1,344,3,3,0.016607,0.012541,0.13572,0.742407,0.083256,0.009469
Hospital_1,345,1,1,0.138984,0.502588,0.084874,0.06211,0.083027,0.128417
Hospital_1,346,4,4,0.196876,0.058624,0.064701,0.142148,0.355469,0.182182
Hospital_1,347,2,2,0.049379,0.003586,0.93795,0.004364,0.002989,0.001732
Hospital_1,348,0,0,0.577948,0.069425,0.180326,0.034749,0.063707,0.073845
Hospital_1,349,1,1,0.158733,0.372824,0.114838,0.088587,0.114868,0.150149
Hospital_1,350,0,0,0.739465,0.030094,0.152554,0.019113,0.031138,0.027636
Hospital_1,351,4,4,0.180113,0.053149,0.059526,0.152401,0.400425,0.154386
Hospital_1,352,3,3,0.062083,0.027536,0.155631,0.572197,0.151797,0.030756
Hospital_1,353,0,0,0.726516,0.040985,0.133886,0.02356,0.041185,0.033868
Hospital_1,354,3,3,0.074849,0.033919,0.169958,0.493016,0.185244,0.043014
Hospital_1,355,2,2,0.090296,0.004704,0.895208,0.003864,0.003505,0.002423
Hospital_1,356,2,2,0.057365,0.003568,0.930107,0.003988,0.003062,0.00191
Hospital_1,357,4,0,0.543177,0.057244,0.159997,0.055452,0.092819,0.09131
Hospital_1,358,0,0,0.537104,0.091271,0.2804,0.025495,0.031671,0.034059
Hospital_1,359,3,3,0.015849,0.011905,0.106698,0.758516,0.095333,0.011699
Hospital_1,360,0,0,0.561759,0.057114,0.194819,0.049507,0.076663,0.060138
Hospital_1,361,0,0,0.565279,0.110755,0.17522,0.033255,0.050878,0.064613
Hospital_1,362,3,3,0.144629,0.068482,0.236901,0.277144,0.148866,0.123979
Hospital_1,363,3,3,0.020264,0.011247,0.124068,0.748438,0.086969,0.009013
Hospital_1,364,3,3,0.065957,0.031747,0.134431,0.561709,0.171687,0.034468
Hospital_1,365,0,0,0.574212,0.062836,0.18365,0.04488,0.066416,0.068006
Hospital_1,366,2,2,0.083558,0.004665,0.901933,0.004093,0.003399,0.002351
Hospital_1,367,1,1,0.168288,0.378336,0.100607,0.079799,0.104258,0.168712
Hospital_1,368,3,3,0.028177,0.015359,0.11976,0.698248,0.121897,0.016559
Hospital_1,369,5,5,0.225821,0.107893,0.044511,0.041189,0.113633,0.466953
Hospital_1,370,0,0,0.614134,0.057261,0.234231,0.026357,0.033814,0.034204
Hospital_1,371,4,4,0.165716,0.059875,0.06452,0.165741,0.389573,0.154575
Hospital_1,372,0,0,0.582783,0.053062,0.218501,0.036439,0.054981,0.054234
Hospital_1,373,5,5,0.07649,0.092785,0.0291,0.026868,0.043394,0.731363
Hospital_1,374,4,4,0.237955,0.065339,0.074039,0.137595,0.329312,0.155761
Hospital_1,375,1,1,0.155915,0.499799,0.076376,0.053548,0.073799,0.140564
Hospital_1,376,5,5,0.23588,0.115169,0.044116,0.053527,0.157178,0.39413
Hospital_1,377,5,5,0.088423,0.074946,0.062275,0.048932,0.059734,0.66569
Hospital_1,378,4,4,0.182706,0.078415,0.093689,0.195405,0.297131,0.152655
Hospital_1,379,2,2,0.060724,0.003993,0.926869,0.003605,0.002837,0.001972
Hospital_1,380,1,1,0.161099,0.486081,0.095912,0.054982,0.073496,0.12843
Hospital_1,381,1,1,0.155934,0.364105,0.104606,0.085337,0.115169,0.174849
Hospital_1,382,5,5,0.048954,0.056494,0.018248,0.017212,0.028438,0.830655
Hospital_1,383,3,3,0.022235,0.013044,0.11193,0.714596,0.122478,0.015718
Hospital_1,384,2,2,0.041902,0.002941,0.947339,0.003886,0.0025,0.001433
Hospital_1,385,0,0,0.635062,0.04348,0.20665,0.027591,0.04248,0.044735
Hospital_1,386,0,0,0.673978,0.03953,0.163969,0.029082,0.050611,0.042831
Hospital_1,387,4,0,0.21078,0.159797,0.155068,0.157783,0.153206,0.163366
Hospital_1,388,2,2,0.071427,0.00523,0.911326,0.005159,0.004052,0.002805
Hospital_1,389,1,1,0.210276,0.415248,0.090006,0.071492,0.089778,0.123199
Hospital_1,390,3,3,0.037332,0.023873,0.159327,0.60042,0.148979,0.03007
Hospital_1,391,4,4,0.198851,0.064016,0.065955,0.133084,0.357199,0.180894
Hospital_1,392,5,5,0.197613,0.175869,0.069353,0.076506,0.12995,0.350708
Hospital_1,393,2,2,0.079729,0.006886,0.904528,0.003571,0.003138,0.002148
Hospital_1,394,1,1,0.128599,0.634315,0.070193,0.035906,0.05207,0.078916
Hospital_1,395,3,3,0.034374,0.022633,0.13215,0.664569,0.128454,0.017821
Hospital_1,396,3,3,0.015394,0.009785,0.097814,0.76737,0.100472,0.009165
Hospital_1,397,3,3,0.055699,0.025473,0.14187,0.579768,0.165121,0.032069
Hospital_1,398,1,1,0.128982,0.590061,0.066522,0.037551,0.056333,0.12055
Hospital_1,399,2,2,0.06736,0.003079,0.923127,0.002998,0.00226,0.001176
Hospital_1,400,0,2,0.423945,0.039126,0.430996,0.033014,0.04011,0.032809
Hospital_1,401,1,1,0.161788,0.52574,0.077405,0.035585,0.053777,0.145706
Hospital_1,402,1,1,0.181498,0.211587,0.131588,0.117575,0.154547,0.203204
Hospital_1,403,0,0,0.575457,0.043272,0.255956,0.03123,0.048378,0.045707
Hospital_1,404,1,1,0.159966,0.517372,0.0956,0.045513,0.067226,0.114322
Hospital_1,405,5,5,0.263238,0.123623,0.075672,0.094841,0.178686,0.263939
Hospital_1,406,4,4,0.171214,0.049038,0.051815,0.132389,0.418343,0.1772
Hospital_1,407,5,5,0.228007,0.158522,0.091278,0.099932,0.165845,0.256416
Hospital_1,408,4,4,0.262527,0.059903,0.070399,0.103838,0.272045,0.231289
Hospital_1,409,5,5,0.089266,0.084861,0.06378,0.051056,0.066008,0.645029
Hospital_1,410,0,0,0.61492,0.056492,0.20299,0.026964,0.040022,0.058613
Hospital_1,411,1,1,0.195051,0.404707,0.089301,0.072147,0.093158,0.145636
Hospital_1,412,3,3,0.034895,0.017247,0.132799,0.632284,0.161631,0.021143
Hospital_1,413,4,4,0.17853,0.049424,0.061953,0.144963,0.390595,0.174535
Hospital_1,414,2,2,0.054142,0.003275,0.935672,0.003231,0.002399,0.001282
Hospital_1,415,3,3,0.034719,0.015531,0.223789,0.617985,0.095846,0.012129
Hospital_1,416,5,5,0.07295,0.055668,0.03847,0.034446,0.052524,0.745942
Hospital_1,417,0,0,0.640655,0.045041,0.191886,0.029658,0.044082,0.048678
Hospital_1,418,2,2,0.087956,0.005857,0.895219,0.004379,0.003741,0.002849
Hospital_1,419,1,1,0.168048,0.404476,0.116669,0.077778,0.105359,0.12767
Hospital_1,420,5,5,0.080684,0.051568,0.038528,0.031882,0.046962,0.750376
Hospital_1,421,5,0,0.292048,0.123967,0.065948,0.075898,0.174231,0.267907
Hospital_1,422,1,1,0.168436,0.485767,0.083315,0.05343,0.076178,0.132875
Hospital_1,423,2,2,0.098563,0.00581,0.886677,0.003382,0.00325,0.002319
Hospital_1,424,1,1,0.143052,0.518961,0.073397,0.049488,0.071858,0.143245
Hospital_1,425,3,3,0.0365,0.016842,0.14769,0.603686,0.173763,0.021519
Hospital_1,426,1,1,0.188518,0.467101,0.098811,0.061698,0.079385,0.104486
Hospital_1,427,5,5,0.083276,0.064696,0.017145,0.020109,0.044142,0.770633
Hospital_1,428,0,0,0.653394,0.027677,0.257956,0.01647,0.024438,0.020066
Hospital_1,429,2,2,0.04691,0.003654,0.94131,0.00383,0.002676,0.00162
Hospital_1,430,1,1,0.143173,0.466338,0.093195,0.064437,0.08806,0.144796
Hospital_1,431,1,1,0.1624,0.428674,0.107566,0.073954,0.092695,0.134711
Hospital_1,432,2,2,0.068028,0.00543,0.916461,0.004509,0.003576,0.001997
Hospital_1,433,3,3,0.091414,0.046128,0.162757,0.379732,0.242204,0.077765
Hospital_1,434,4,4,0.159362,0.046001,0.058082,0.170589,0.421689,0.144277
Hospital_1,435,3,3,0.050891,0.027054,0.271247,0.487676,0.130648,0.032484
Hospital_1,436,3,3,0.012415,0.007965,0.10258,0.795558,0.075079,0.006402
Hospital_1,437,1,1,0.165638,0.254351,0.115783,0.102782,0.135566,0.225879
Hospital_1,438,1,1,0.145712,0.585854,0.069961,0.039988,0.05642,0.102064
Hospital_1,439,0,0,0.538955,0.129768,0.177998,0.034999,0.050298,0.067983
Hospital_1,440,3,5,0.244582,0.134473,0.043857,0.049806,0.097858,0.429424
Hospital_1,441,4,4,0.211536,0.062689,0.06411,0.130597,0.336677,0.194391
Hospital_1,442,1,1,0.151168,0.527609,0.062875,0.036487,0.057171,0.16469
Hospital_1,443,2,2,0.04954,0.004286,0.935578,0.004963,0.003449,0.002184
Hospital_1,444,2,2,0.045895,0.003093,0.943061,0.003767,0.002684,0.0015
Hospital_1,445,0,0,0.486268,0.091026,0.332737,0.025493,0.03239,0.032086
Hospital_1,446,5,0,0.300577,0.092096,0.061798,0.082412,0.184365,0.278752
Hospital_1,447,3,3,0.079704,0.032562,0.187695,0.510518,0.154832,0.034688
Hospital_1,448,3,3,0.033827,0.018086,0.099002,0.649187,0.174245,0.025654
Hospital_1,449,2,2,0.099983,0.005711,0.879936,0.00592,0.005079,0.003371
Hospital_1,450,1,1,0.189457,0.335509,0.10599,0.07238,0.091447,0.205218
Hospital_1,451,3,3,0.024574,0.015087,0.132656,0.694433,0.116535,0.016715
Hospital_1,452,5,5,0.177211,0.087417,0.036318,0.031477,0.080857,0.586721
Hospital_1,453,4,4,0.201165,0.062405,0.068179,0.141495,0.355478,0.171279
Hospital_1,454,0,0,0.619832,0.047207,0.224583,0.025715,0.038387,0.044277
Hospital_1,455,4,4,0.219033,0.077772,0.104784,0.206806,0.253435,0.13817
Hospital_1,456,3,3,0.036759,0.018021,0.220152,0.605373,0.104182,0.015514
Hospital_1,457,0,0,0.645131,0.087044,0.180983,0.020801,0.030455,0.035585
Hospital_1,458,3,3,0.030837,0.018389,0.121294,0.624934,0.176819,0.027727
Hospital_1,459,5,5,0.070813,0.055783,0.053912,0.036122,0.043065,0.740305
Hospital_1,460,5,5,0.156741,0.125904,0.083489,0.050031,0.053768,0.530066
Hospital_1,461,5,5,0.092813,0.065873,0.040762,0.026583,0.036625,0.737344
Hospital_1,462,1,1,0.145227,0.49831,0.08968,0.064192,0.084143,0.11845
Hospital_1,463,4,4,0.202291,0.054797,0.057791,0.135649,0.376947,0.172525
Hospital_1,464,2,2,0.048959,0.002554,0.943106,0.002307,0.001865,0.001209
Hospital_1,465,5,5,0.130559,0.065009,0.027812,0.022347,0.051372,0.702902
Hospital_1,466,3,3,0.023333,0.012049,0.10165,0.725802,0.123846,0.01332
Hospital_1,467,0,0,0.600264,0.089438,0.1985,0.025881,0.036559,0.049358
Hospital_1,468,4,4,0.186687,0.110232,0.181132,0.15484,0.196206,0.170903
Hospital_1,469,3,3,0.024109,0.01779,0.177956,0.647584,0.113959,0.018602
Hospital_1,470,1,1,0.144713,0.470441,0.098557,0.071022,0.089689,0.125577
Hospital_1,471,2,2,0.041857,0.002933,0.947244,0.003603,0.002507,0.001855
Hospital_1,472,2,2,0.065675,0.005389,0.920797,0.003523,0.002662,0.001954
Hospital_1,473,4,4,0.192671,0.079981,0.0934,0.191909,0.290902,0.151137
Hospital_1,474,5,5,0.188233,0.174804,0.14111,0.130808,0.161246,0.203799
Hospital_1,475,5,0,0.260185,0.147363,0.114841,0.115576,0.165013,0.197021
Hospital_1,476,5,5,0.169017,0.171422,0.04007,0.033187,0.073862,0.512442
Hospital_1,477,4,4,0.181782,0.068157,0.080536,0.175497,0.325484,0.168544
Hospital_1,478,3,3,0.040054,0.024941,0.192931,0.575091,0.134913,0.03207
Hospital_1,479,3,3,0.024163,0.01314,0.128192,0.722683,0.099673,0.012149
Hospital_1,480,3,3,0.044993,0.025475,0.125848,0.621406,0.154668,0.02761
Hospital_1,481,4,4,0.164044,0.061101,0.071429,0.166693,0.374999,0.161734
Hospital_1,482,4,4,0.156783,0.058287,0.071419,0.182007,0.379588,0.151916
Hospital_1,483,0,0,0.678395,0.027777,0.240019,0.015125,0.022562,0.016123
Hospital_1,484,5,5,0.115595,0.138556,0.058654,0.039398,0.049312,0.598484
Hospital_1,485,4,4,0.176665,0.053393,0.057914,0.153637,0.403021,0.155369
Hospital_1,486,4,4,0.174366,0.058218,0.071893,0.176906,0.377748,0.14087
Hospital_1,487,5,5,0.217491,0.171132,0.04919,0.034224,0.066755,0.461207
Hospital_1,488,4,4,0.221973,0.093392,0.110925,0.185063,0.23047,0.158177
Hospital_1,489,0,0,0.645869,0.042779,0.179926,0.028608,0.045606,0.057211
Hospital_1,490,1,1,0.140639,0.515162,0.09199,0.057488,0.079301,0.115421
Hospital_1,491,4,4,0.183756,0.066944,0.066763,0.144998,0.37763,0.159909
Hospital_1,492,3,3,0.01507,0.011331,0.107198,0.749694,0.103681,0.013025
Hospital_1,493,5,5,0.188673,0.172972,0.138834,0.130213,0.160967,0.208342
Hospital_1,494,1,1,0.139626,0.588434,0.068144,0.038021,0.059285,0.106489
Hospital_1,495,2,2,0.087755,0.005876,0.89462,0.005164,0.004308,0.002278
Hospital_1,496,4,4,0.200652,0.077608,0.086653,0.168129,0.298185,0.168773
Hospital_1,497,2,2,0.062767,0.004691,0.924966,0.003373,0.002558,0.001645
Hospital_1,498,2,2,0.092687,0.005658,0.889122,0.00513,0.004435,0.002969
Hospital_1,499,2,2,0.091713,0.005524,0.895905,0.002771,0.002538,0.001548
Hospital_1,500,1,1,0.136239,0.492908,0.081278,0.059575,0.081071,0.148929
Hospital_1,501,1,1,0.151051,0.483419,0.101408,0.066601,0.087402,0.110119
Hospital_1,502,5,5,0.136344,0.107208,0.072983,0.054202,0.057412,0.571851
Hospital_1,503,3,3,0.043296,0.02132,0.122593,0.657026,0.133948,0.021816
Hospital_1,504,4,4,0.178797,0.059476,0.067163,0.165121,0.382086,0.147357
Hospital_1,505,0,0,0.731914,0.033057,0.154712,0.018029,0.029937,0.032351
Hospital_1,506,2,2,0.052881,0.003615,0.937336,0.00284,0.002104,0.001224
Hospital_1,507,4,4,0.167024,0.043564,0.056247,0.163098,0.417842,0.152224
Hospital_1,508,0,0,0.57451,0.054432,0.204566,0.042455,0.065289,0.058749
Hospital_1,509,4,4,0.159658,0.057384,0.069913,0.179166,0.392001,0.141879
Hospital_1,510,3,2,0.107611,0.041961,0.362784,0.330768,0.122478,0.034398
Hospital_1,511,2,2,0.051474,0.003866,0.935202,0.004339,0.003145,0.001975
Hospital_1,512,3,3,0.034768,0.017373,0.273068,0.558555,0.099245,0.01699
Hospital_1,513,1,1,0.126551,0.621777,0.065846,0.034473,0.053144,0.098209
Hospital_1,514,0,0,0.754682,0.047061,0.11238,0.018003,0.034958,0.032915
Hospital_1,515,2,2,0.06013,0.003469,0.928725,0.003457,0.002603,0.001617
Hospital_1,516,0,0,0.604255,0.039493,0.259538,0.025717,0.03933,0.031668
Hospital_1,517,3,3,0.049222,0.028288,0.255787,0.475133,0.14902,0.04255
Hospital_1,518,5,5,0.09424,0.083985,0.056564,0.044932,0.052856,0.667423
Hospital_1,519,5,5,0.209576,0.089496,0.033876,0.037159,0.143286,0.486607
Hospital_1,520,1,1,0.147029,0.500308,0.078862,0.050518,0.073612,0.149672
Hospital_1,521,1,1,0.161218,0.555263,0.079857,0.046323,0.06773,0.089609
Hospital_1,522,3,3,0.013268,0.008898,0.080585,0.747237,0.137441,0.012571
Hospital_1,523,1,1,0.135709,0.559023,0.083277,0.04983,0.068237,0.103924
Hospital_1,524,3,3,0.038345,0.022661,0.107342,0.61986,0.171247,0.040545
Hospital_1,525,4,4,0.143125,0.052516,0.064921,0.191234,0.412225,0.13598
Hospital_1,526,2,2,0.068577,0.005351,0.918861,0.002945,0.002377,0.001887
Hospital_1,527,2,2,0.030167,0.003062,0.956503,0.005326,0.003009,0.001933
Hospital_1,528,0,0,0.58383,0.046114,0.26569,0.025013,0.040016,0.039336
Hospital_1,529,4,4,0.214135,0.079462,0.097314,0.192939,0.271733,0.144417
Hospital_1,530,0,0,0.65599,0.048431,0.181239,0.029853,0.045252,0.039235
Hospital_1,531,3,3,0.018981,0.012833,0.132712,0.722253,0.103853,0.009369
Hospital_1,532,3,3,0.042328,0.020662,0.161637,0.628293,0.125289,0.02179
Hospital_1,533,3,3,0.034542,0.015455,0.164827,0.659905,0.113786,0.011484
Hospital_1,534,5,5,0.204703,0.124337,0.032933,0.030421,0.067986,0.539621
Hospital_1,535,5,5,0.160694,0.066665,0.030768,0.041494,0.102197,0.598181
Hospital_1,536,2,2,0.049936,0.003906,0.936743,0.004246,0.003204,0.001964
Hospital_1,537,5,5,0.06965,0.07161,0.022888,0.020016,0.032284,0.783552
Hospital_1,538,0,0,0.539988,0.050677,0.234095,0.047914,0.071889,0.055436
Hospital_1,539,5,5,0.108131,0.109037,0.12618,0.071148,0.077532,0.507971
Hospital_1,540,4,4,0.186424,0.059869,0.06619,0.146472,0.355114,0.185931
Hospital_1,541,4,4,0.175804,0.053071,0.065278,0.175333,0.381408,0.149105
Hospital_1,542,2,2,0.045592,0.0034,0.942707,0.0042,0.002637,0.001464
Hospital_1,543,1,1,0.136932,0.534524,0.074742,0.053287,0.072565,0.127949
Hospital_1,544,1,1,0.166242,0.475349,0.090122,0.058996,0.079759,0.129531
Hospital_1,545,4,4,0.186919,0.071531,0.079405,0.162269,0.319456,0.180419
Hospital_1,546,4,4,0.177205,0.056586,0.067078,0.1581,0.3762,0.164832
Hospital_1,547,1,1,0.165181,0.424983,0.104984,0.072894,0.099569,0.132388
Hospital_1,548,5,5,0.11352,0.086495,0.046042,0.03283,0.053392,0.667722
Hospital_1,549,5,0,0.345902,0.123111,0.038791,0.03931,0.107218,0.345669
Hospital_1,550,1,1,0.160141,0.360353,0.103208,0.088155,0.107786,0.180358
Hospital_1,551,3,3,0.015141,0.011834,0.099237,0.754256,0.105938,0.013592
Hospital_1,552,2,2,0.051162,0.003351,0.937056,0.004184,0.002752,0.001495
