hospital,imagen_idx,y_true,y_pred,prob_0,prob_1,prob_2,prob_3,prob_4,prob_5
Hospital_1,0,4,4,0.000645,1.2e-05,4.4e-05,0.043767,0.954571,0.000961
Hospital_1,1,4,4,0.000888,6e-06,9e-06,0.035084,0.95801,0.006003
Hospital_1,2,4,4,0.00022,1e-06,1.4e-05,0.032183,0.967186,0.000396
Hospital_1,3,4,4,0.000333,3e-06,2e-06,0.034311,0.963803,0.001548
Hospital_1,4,1,1,0.00025,0.999241,3e-06,3e-06,3e-06,0.000501
Hospital_1,5,4,4,0.000607,2.2e-05,3.1e-05,0.206534,0.791172,0.001634
Hospital_1,6,4,4,0.0005,2.2e-05,5e-06,0.057981,0.939698,0.001795
Hospital_1,7,4,4,0.000747,9e-06,3e-06,0.043443,0.95214,0.003658
Hospital_1,8,1,1,0.002439,0.997444,2.1e-05,9e-06,4e-05,4.7e-05
Hospital_1,9,4,4,0.000512,6e-06,2e-06,0.024321,0.972016,0.003144
Hospital_1,10,1,1,5.4e-05,0.999749,0.0,0.0,0.0,0.000196
Hospital_1,11,4,4,0.001019,1.3e-05,5e-06,0.045199,0.950931,0.002832
Hospital_1,12,4,4,0.004343,2.2e-05,1.3e-05,0.053737,0.922584,0.019301
Hospital_1,13,1,1,6.9e-05,0.999883,1e-06,1e-06,1e-06,4.5e-05
Hospital_1,14,1,1,5.6e-05,0.999769,1e-06,1e-06,1e-06,0.000173
Hospital_1,15,5,5,0.000456,0.000617,0.002092,0.001363,0.000128,0.995344
Hospital_1,16,0,0,0.992426,9e-06,0.00575,7.6e-05,0.001578,0.000162
Hospital_1,17,4,4,0.001347,5e-06,3e-06,0.019306,0.974136,0.005202
Hospital_1,18,4,4,0.024205,0.000186,0.000709,0.141968,0.814684,0.018248
Hospital_1,19,1,1,0.00188,0.997541,4e-05,1.3e-05,8.3e-05,0.000443
Hospital_1,20,4,4,0.003382,1.1e-05,6e-06,0.039028,0.944182,0.013391
Hospital_1,21,3,3,0.0,0.0,9e-06,0.999526,0.000465,0.0
Hospital_1,22,4,4,0.000603,8e-06,2e-06,0.054736,0.941705,0.002946
Hospital_1,23,4,4,7.4e-05,1e-06,2e-06,0.03783,0.961316,0.000778
Hospital_1,24,1,1,9.1e-05,0.999333,1e-06,1e-06,1e-06,0.000574
Hospital_1,25,4,4,7.2e-05,2e-06,2e-06,0.040252,0.95914,0.000533
Hospital_1,26,4,4,0.000926,2e-05,3e-06,0.054984,0.940032,0.004036
Hospital_1,27,3,3,0.0,0.0,1e-06,0.998882,0.001117,0.0
Hospital_1,28,0,0,0.959014,7.1e-05,0.039743,6.9e-05,0.000377,0.000725
Hospital_1,29,4,4,0.000299,5e-06,4e-06,0.048617,0.949743,0.001332
Hospital_1,30,1,1,2.6e-05,0.999966,0.0,0.0,0.0,6e-06
Hospital_1,31,4,4,0.001355,5.4e-05,2.3e-05,0.082472,0.908064,0.008033
Hospital_1,32,1,1,4.7e-05,0.999922,0.0,0.0,0.0,3e-05
Hospital_1,33,4,4,0.00074,6.2e-05,5e-05,0.281918,0.716018,0.001212
Hospital_1,34,4,4,0.000464,7e-06,4e-06,0.048752,0.949209,0.001564
Hospital_1,35,1,1,1.8e-05,0.999947,0.0,0.0,0.0,3.5e-05
Hospital_1,36,1,1,0.000469,0.999263,3e-06,4e-06,5e-06,0.000256
Hospital_1,37,4,4,0.000336,1.3e-05,4e-06,0.069977,0.928157,0.001513
Hospital_1,38,1,1,0.000572,0.99937,6e-06,4e-06,1.2e-05,3.5e-05
Hospital_1,39,3,3,0.0,0.0,0.0,0.990578,0.009422,0.0
Hospital_1,40,1,1,0.000392,0.999531,3e-06,1e-06,5e-06,6.8e-05
Hospital_1,41,4,4,0.001029,2.5e-05,1.9e-05,0.120317,0.876141,0.002469
Hospital_1,42,4,4,0.000276,5e-06,7e-06,0.076059,0.92256,0.001092
Hospital_1,43,4,4,0.001233,2.1e-05,4e-06,0.04501,0.948863,0.004869
Hospital_1,44,4,4,0.000174,1e-06,3e-06,0.028202,0.96952,0.002101
Hospital_1,45,4,4,0.000305,0.0,2.3e-05,0.02205,0.976525,0.001096
Hospital_1,46,4,4,0.001437,1.2e-05,2e-06,0.027766,0.960966,0.009818
Hospital_1,47,4,4,0.001368,2.1e-05,4e-06,0.034222,0.959241,0.005144
Hospital_1,48,5,5,0.064825,0.034444,3.4e-05,0.000576,0.001252,0.89887
Hospital_1,49,4,4,0.001996,2.2e-05,1e-05,0.087486,0.908251,0.002234
Hospital_1,50,0,0,0.981862,4.1e-05,0.016972,7.1e-05,0.000691,0.000364
Hospital_1,51,3,3,0.0,0.0,1e-06,0.997471,0.002528,0.0
Hospital_1,52,4,4,0.000102,8e-06,1.4e-05,0.152042,0.846753,0.00108
Hospital_1,53,4,4,0.000231,2e-06,5e-06,0.023331,0.975604,0.000827
Hospital_1,54,4,4,0.000224,2e-06,3e-06,0.041075,0.957912,0.000785
Hospital_1,55,1,1,0.000141,0.999235,1e-06,1e-06,1e-06,0.000621
Hospital_1,56,4,4,0.000898,8.3e-05,3.4e-05,0.143869,0.852538,0.002578
Hospital_1,57,4,4,0.00024,1e-06,2e-06,0.019428,0.977635,0.002694
Hospital_1,58,1,1,0.001695,0.998138,7e-06,2e-06,9e-06,0.000148
Hospital_1,59,4,4,0.000153,9e-06,4.5e-05,0.27952,0.719822,0.00045
Hospital_1,60,4,4,0.00018,6e-06,1.7e-05,0.24189,0.756978,0.000929
Hospital_1,61,4,4,0.000609,5e-06,1.2e-05,0.094762,0.903222,0.001389
Hospital_1,62,4,4,0.000915,1.6e-05,4e-06,0.075421,0.921169,0.002474
Hospital_1,63,1,1,0.000518,0.999343,5e-06,2e-06,6e-06,0.000127
Hospital_1,64,4,4,0.0003,9e-06,6e-06,0.072814,0.925011,0.00186
Hospital_1,65,0,0,0.980672,1.3e-05,0.018722,8.3e-05,0.000353,0.000158
Hospital_1,66,4,4,0.000944,1.4e-05,2.1e-05,0.085761,0.911269,0.001992
Hospital_1,67,3,3,0.0,0.0,0.0,0.99983,0.00017,0.0
Hospital_1,68,1,1,0.000193,0.996744,2e-06,4e-06,4e-06,0.003053
Hospital_1,69,1,1,7.8e-05,0.999636,1e-06,1e-06,1e-06,0.000283
Hospital_1,70,1,1,7.6e-05,0.999869,0.0,0.0,1e-06,5.4e-05
Hospital_1,71,3,3,0.0,0.0,9e-06,0.993962,0.006029,0.0
Hospital_1,72,4,4,0.000171,7e-06,8e-06,0.088609,0.909701,0.001504
Hospital_1,73,1,1,9.6e-05,0.998356,1e-06,2e-06,2e-06,0.001544
Hospital_1,74,1,1,0.000434,0.999414,5e-06,2e-06,1e-05,0.000134
Hospital_1,75,1,1,0.00031,0.999101,2e-06,2e-06,3e-06,0.000583
Hospital_1,76,4,4,0.003884,3e-05,1e-06,0.014078,0.812886,0.169121
Hospital_1,77,1,1,0.000101,0.999863,1e-06,1e-06,1e-06,3.4e-05
Hospital_1,78,4,4,0.000326,1e-06,2.8e-05,0.044666,0.954814,0.000165
Hospital_1,79,4,4,0.000286,4e-06,2e-06,0.040938,0.956984,0.001786
Hospital_1,80,1,1,3.2e-05,0.999951,0.0,0.0,0.0,1.6e-05
Hospital_1,81,1,1,3.5e-05,0.99994,0.0,0.0,0.0,2.5e-05
Hospital_1,82,1,1,0.000107,0.999686,1e-06,1e-06,1e-06,0.000203
Hospital_1,83,4,4,0.003321,7.1e-05,0.000424,0.392461,0.599513,0.004211
Hospital_1,84,1,1,0.000429,0.999287,3e-06,4e-06,6e-06,0.00027
Hospital_1,85,4,4,0.000177,2e-06,2e-06,0.069309,0.929536,0.000973
Hospital_1,86,4,4,0.001113,3e-06,2.4e-05,0.05707,0.940837,0.000952
Hospital_1,87,1,1,0.000208,0.999711,4e-06,2e-06,7e-06,6.9e-05
Hospital_1,88,1,1,6.6e-05,0.999909,1e-06,0.0,1e-06,2.3e-05
Hospital_1,89,4,4,0.001287,7e-06,1.1e-05,0.052179,0.944742,0.001774
Hospital_1,90,4,4,7.9e-05,1e-06,2e-06,0.024735,0.974384,0.0008
Hospital_1,91,4,4,0.00043,9e-06,4e-06,0.06848,0.929079,0.001998
Hospital_1,92,4,1,0.041359,0.313001,0.014767,0.158921,0.210019,0.261933
Hospital_1,93,1,1,5.6e-05,0.999241,0.0,1e-06,1e-06,0.0007
Hospital_1,94,1,1,7.3e-05,0.999839,0.0,0.0,0.0,8.7e-05
Hospital_1,95,1,1,0.000303,0.999524,4e-06,2e-06,4e-06,0.000162
Hospital_1,96,0,0,0.952182,1.3e-05,0.046331,0.000167,0.001189,0.000118
Hospital_1,97,4,4,0.010473,2.3e-05,1.5e-05,0.02115,0.9118,0.05654
Hospital_1,98,5,5,0.011458,0.020904,0.001632,0.000916,0.00015,0.964941
Hospital_1,99,4,4,0.005612,0.000323,0.00037,0.330184,0.648857,0.014654
Hospital_1,100,4,4,0.000683,2e-06,2e-06,0.019336,0.977647,0.00233
Hospital_1,101,4,4,0.000935,1.3e-05,2.2e-05,0.102764,0.895071,0.001195
Hospital_1,102,4,4,0.0,0.0,2e-06,0.013235,0.986763,0.0
Hospital_1,103,1,1,0.000104,0.999795,1e-06,1e-06,1e-06,0.0001
Hospital_1,104,1,1,0.000305,0.999524,2e-06,3e-06,5e-06,0.000161
Hospital_1,105,1,1,0.00014,0.998791,1e-06,2e-06,2e-06,0.001065
Hospital_1,106,4,4,0.000142,6e-06,6e-06,0.139469,0.858929,0.001449
Hospital_1,107,5,5,4e-05,2.4e-05,0.000215,0.000371,6.9e-05,0.999281
Hospital_1,108,1,1,5.6e-05,0.999889,0.0,0.0,1e-06,5.3e-05
Hospital_1,109,4,4,0.00019,1e-06,1e-06,0.022035,0.976146,0.001628
Hospital_1,110,4,4,0.092006,4.2e-05,0.00074,0.029367,0.868497,0.009348
Hospital_1,111,1,1,8.1e-05,0.999898,1e-06,0.0,1e-06,1.9e-05
Hospital_1,112,4,4,0.001535,2.2e-05,4e-06,0.041216,0.949939,0.007283
Hospital_1,113,1,1,0.000218,0.999633,1e-06,1e-06,1e-06,0.000145
Hospital_1,114,4,4,0.000907,1e-06,9.9e-05,0.004958,0.993049,0.000986
Hospital_1,115,1,1,0.000268,0.999523,2e-06,5e-06,7e-06,0.000195
Hospital_1,116,4,4,0.001128,5e-06,6e-06,0.008168,0.952872,0.03782
Hospital_1,117,4,5,0.062058,0.001301,6.1e-05,0.015286,0.35214,0.569154
Hospital_1,118,1,1,5.2e-05,0.99724,1e-06,1e-06,1e-06,0.002705
Hospital_1,119,1,1,6.4e-05,0.997693,1e-06,1e-06,1e-06,0.00224
Hospital_1,120,1,1,0.000165,0.999572,2e-06,1e-06,2e-06,0.000259
Hospital_1,121,4,4,0.001039,3.7e-05,1.6e-05,0.155061,0.84119,0.002657
Hospital_1,122,4,4,0.000356,4e-06,2e-06,0.028105,0.969227,0.002306
Hospital_1,123,4,4,0.000693,8e-06,2e-06,0.039569,0.956181,0.003547
Hospital_1,124,4,4,6.7e-05,1e-06,1e-06,0.036107,0.963264,0.000559
Hospital_1,125,1,1,0.000188,0.999799,1e-06,1e-06,2e-06,1e-05
Hospital_1,126,1,1,0.000204,0.999668,1e-06,1e-06,2e-06,0.000124
Hospital_1,127,1,1,3e-05,0.999945,0.0,0.0,0.0,2.4e-05
Hospital_1,128,3,3,0.0,0.0,1.8e-05,0.997483,0.002499,0.0
Hospital_1,129,1,1,0.000192,0.999035,3e-06,2e-06,3e-06,0.000766
Hospital_1,130,1,1,0.000252,0.999446,2e-06,3e-06,3e-06,0.000295
Hospital_1,131,1,1,5.6e-05,0.999938,1e-06,0.0,1e-06,4e-06
Hospital_1,132,4,4,0.001903,1.8e-05,2.2e-05,0.029119,0.962298,0.00664
Hospital_1,133,4,4,0.000132,1e-06,1e-06,0.039725,0.959473,0.000667
Hospital_1,134,1,1,4e-05,0.99905,0.0,1e-06,1e-06,0.000908
Hospital_1,135,4,4,5.8e-05,1e-06,1e-06,0.048468,0.951025,0.000447
Hospital_1,136,0,0,0.928162,6.3e-05,0.070939,4.3e-05,0.000378,0.000415
Hospital_1,137,5,5,0.00037,0.00033,0.002396,0.000969,0.000373,0.995563
Hospital_1,138,1,1,0.001251,0.998317,2.5e-05,1e-05,5.8e-05,0.000339
Hospital_1,139,4,4,0.000413,2e-06,6e-06,0.044838,0.951374,0.003368
Hospital_1,140,4,4,8.2e-05,2e-06,2e-06,0.060985,0.938536,0.000393
Hospital_1,141,4,4,0.00054,1.8e-05,8e-06,0.096461,0.90023,0.002743
Hospital_1,142,4,4,0.000241,1.5e-05,2.1e-05,0.139749,0.857928,0.002046
Hospital_1,143,3,3,0.0,0.0,1.1e-05,0.898431,0.101558,0.0
Hospital_1,144,4,4,9.4e-05,1e-06,2e-06,0.048205,0.950958,0.00074
Hospital_1,145,1,1,0.000952,0.998496,5e-06,5e-06,1e-05,0.000532
Hospital_1,146,4,4,0.001278,1.3e-05,5.9e-05,0.073632,0.923773,0.001244
Hospital_1,147,1,1,0.000109,0.999742,1e-06,1e-06,2e-06,0.000145
Hospital_1,148,4,4,0.010537,0.000577,8.1e-05,0.183401,0.785807,0.019596
Hospital_1,149,1,1,3.6e-05,0.999657,0.0,0.0,0.0,0.000306
Hospital_1,150,4,4,0.001178,6.5e-05,6.5e-05,0.147477,0.848113,0.003101
Hospital_1,151,4,4,0.015209,2.3e-05,2e-05,0.033345,0.91502,0.036383
Hospital_1,152,1,1,0.000201,0.999686,1e-06,0.0,1e-06,0.000111
Hospital_1,153,1,1,0.000253,0.997395,2e-06,5e-06,4e-06,0.002341
Hospital_1,154,0,0,0.890511,1.3e-05,0.102898,0.000387,0.00554,0.00065
Hospital_1,155,1,1,4e-05,0.999889,1e-06,1e-06,1e-06,6.9e-05
Hospital_1,156,1,1,0.000523,0.999241,4e-06,2e-06,5e-06,0.000225
Hospital_1,157,4,4,0.000257,3e-06,1e-06,0.03521,0.962524,0.002005
Hospital_1,158,4,4,0.000247,3e-06,9e-06,0.054164,0.944498,0.001078
Hospital_1,159,0,0,0.928271,0.000111,0.068757,7.9e-05,0.001473,0.001309
Hospital_1,160,4,4,0.000242,5e-06,1.2e-05,0.025086,0.968824,0.00583
Hospital_1,161,1,1,0.000278,0.99959,1e-05,6e-06,2.3e-05,9.4e-05
Hospital_1,162,1,1,6.5e-05,0.999328,1e-06,1e-06,1e-06,0.000605
Hospital_1,163,1,1,4.3e-05,0.999914,0.0,0.0,0.0,4.2e-05
Hospital_1,164,4,4,0.000447,2e-06,2.6e-05,0.042067,0.955115,0.002342
Hospital_1,165,3,3,0.0,0.0,0.0,0.99204,0.00796,0.0
Hospital_1,166,1,1,0.000105,0.999682,1e-06,1e-06,1e-06,0.000212
Hospital_1,167,1,1,0.000321,0.999508,3e-06,2e-06,3e-06,0.000164
Hospital_1,168,5,5,0.004483,0.004815,0.000288,0.000218,5.6e-05,0.990141
Hospital_1,169,0,0,0.947547,3.4e-05,0.051676,0.000118,0.000307,0.000318
Hospital_1,170,0,0,0.934441,1.9e-05,0.06481,0.000161,0.000432,0.000138
Hospital_1,171,4,4,0.0,0.0,4e-06,0.003412,0.996577,6e-06
Hospital_1,172,1,1,0.000143,0.999671,2e-06,2e-06,4e-06,0.000178
Hospital_1,173,1,1,0.000133,0.998835,2e-06,4e-06,2e-06,0.001024
Hospital_1,174,1,1,2e-05,0.999865,0.0,0.0,0.0,0.000115
Hospital_1,175,1,1,0.000181,0.998337,2e-06,3e-06,4e-06,0.001473
Hospital_1,176,4,4,0.000225,3e-06,4e-06,0.052266,0.946486,0.001017
Hospital_1,177,4,4,0.000698,2e-06,4e-06,0.031972,0.963898,0.003426
Hospital_1,178,1,1,2.1e-05,0.999974,0.0,0.0,0.0,5e-06
Hospital_1,179,4,4,0.000323,7e-06,2e-06,0.029264,0.968173,0.002232
Hospital_1,180,4,4,0.0,0.0,7e-06,0.029259,0.970733,0.0
Hospital_1,181,1,1,9.4e-05,0.999891,1e-06,1e-06,2e-06,1.2e-05
Hospital_1,182,1,1,0.003662,0.995948,8.3e-05,3e-05,0.000151,0.000125
Hospital_1,183,3,3,0.0,0.0,8.4e-05,0.988223,0.011692,0.0
Hospital_1,184,1,1,5.4e-05,0.999924,0.0,0.0,1e-06,2.1e-05
Hospital_1,185,1,1,0.000178,0.99956,1e-06,1e-06,1e-06,0.000259
Hospital_1,186,4,4,0.001824,5.8e-05,9e-06,0.08836,0.905988,0.003761
Hospital_1,187,3,3,0.0,0.0,0.0,0.998003,0.001997,0.0
Hospital_1,188,1,1,0.000189,0.999174,2e-06,1e-06,2e-06,0.000631
Hospital_1,189,4,4,0.001565,2e-06,1.8e-05,0.021641,0.974649,0.002125
Hospital_1,190,4,4,0.000245,3e-06,2e-06,0.035182,0.963007,0.001561
Hospital_1,191,4,4,0.000353,1.8e-05,9e-06,0.048944,0.946566,0.004109
Hospital_1,192,3,3,0.0,0.0,2e-06,0.997902,0.002096,0.0
Hospital_1,193,4,4,0.002533,7e-06,5.9e-05,0.013787,0.976481,0.007133
Hospital_1,194,4,4,0.000152,4e-06,6e-06,0.11023,0.889186,0.000423
Hospital_1,195,1,1,0.000521,0.998534,1e-06,3e-06,4e-06,0.000936
Hospital_1,196,3,3,0.0,0.0,2e-06,0.99561,0.004389,0.0
Hospital_1,197,4,4,0.0,0.0,2e-05,0.002595,0.997384,1e-06
Hospital_1,198,4,4,0.0001,1.5e-05,0.000166,0.454938,0.544039,0.000741
Hospital_1,199,1,1,8.6e-05,0.99961,1e-06,1e-06,1e-06,0.000302
Hospital_1,200,4,4,0.000113,1e-06,1e-06,0.021693,0.976758,0.001434
Hospital_1,201,0,0,0.991439,9e-06,0.006712,6.6e-05,0.001624,0.00015
Hospital_1,202,3,3,0.0,0.0,7e-06,0.998322,0.001671,0.0
Hospital_1,203,4,4,0.000298,2e-06,1e-06,0.015995,0.976305,0.007399
Hospital_1,204,1,1,0.000252,0.999212,3e-06,3e-06,4e-06,0.000527
Hospital_1,205,1,1,0.001735,0.993156,9e-06,2.2e-05,2.1e-05,0.005056
Hospital_1,206,4,4,0.001257,9e-05,5.1e-05,0.194418,0.801433,0.00275
Hospital_1,207,1,1,3.8e-05,0.999936,0.0,0.0,1e-06,2.4e-05
Hospital_1,208,4,4,9e-05,2e-06,3e-06,0.057987,0.940864,0.001054
Hospital_1,209,1,1,2.7e-05,0.999739,0.0,0.0,0.0,0.000233
Hospital_1,210,1,1,0.000142,0.999782,1e-06,0.0,1e-06,7.4e-05
Hospital_1,211,1,1,0.000105,0.999693,1e-06,0.0,1e-06,0.0002
Hospital_1,212,1,1,0.000132,0.999824,1e-06,1e-06,1e-06,4.1e-05
Hospital_1,213,4,4,0.00074,1.3e-05,9e-06,0.094399,0.903344,0.001495
Hospital_1,214,4,4,0.000552,1.2e-05,4e-06,0.058891,0.937727,0.002814
Hospital_1,215,5,5,0.01063,0.000137,2.1e-05,0.024918,0.154633,0.809662
Hospital_1,216,3,3,0.0,0.0,2.3e-05,0.989296,0.010681,0.0
Hospital_1,217,1,1,0.000145,0.999608,1e-06,2e-06,1e-06,0.000243
Hospital_1,218,1,1,0.000351,0.9979,5e-06,7e-06,6e-06,0.00173
Hospital_1,219,3,3,0.0,0.0,9.9e-05,0.998684,0.001217,0.0
Hospital_1,220,4,4,0.000388,5e-06,2e-06,0.035466,0.961515,0.002624
Hospital_1,221,1,1,0.004123,0.99565,3.6e-05,1.1e-05,0.0001,8.1e-05
Hospital_1,222,4,4,0.000502,5.5e-05,5.4e-05,0.310532,0.686422,0.002435
Hospital_1,223,4,4,0.000157,3e-06,2e-06,0.026293,0.972522,0.001023
Hospital_1,224,0,0,0.939631,2.6e-05,0.059324,0.00012,0.00066,0.00024
Hospital_1,225,1,1,0.000177,0.999767,4e-06,2e-06,6e-06,4.4e-05
Hospital_1,226,3,3,0.0,0.0,2e-06,0.999561,0.000437,0.0
Hospital_1,227,3,3,0.0,0.0,1e-06,0.999342,0.000657,0.0
Hospital_1,228,3,3,0.0,0.0,1.2e-05,0.603674,0.396313,0.0
Hospital_1,229,1,1,0.000172,0.997931,1e-06,3e-06,3e-06,0.00189
Hospital_1,230,4,4,0.000166,1e-06,2e-06,0.012117,0.985739,0.001976
Hospital_1,231,4,4,0.000294,1.1e-05,8e-06,0.136778,0.862121,0.000789
Hospital_1,232,4,4,0.001222,4.9e-05,2e-06,0.039654,0.952989,0.006083
Hospital_1,233,1,1,0.000135,0.998979,1e-06,2e-06,2e-06,0.000881
Hospital_1,234,4,4,1e-06,0.0,9e-06,0.003265,0.996722,3e-06
Hospital_1,235,1,1,0.003912,0.995979,1.8e-05,6e-06,3.6e-05,4.9e-05
Hospital_1,236,1,1,3.8e-05,0.999871,0.0,0.0,0.0,9e-05
Hospital_1,237,0,0,0.942443,5.9e-05,0.056794,5.2e-05,0.000266,0.000385
Hospital_1,238,4,4,3.9e-05,3e-06,3e-06,0.073177,0.92649,0.000289
Hospital_1,239,1,1,7e-05,0.999848,1e-06,1e-06,1e-06,7.8e-05
Hospital_1,240,4,4,0.001118,2.5e-05,5e-06,0.03163,0.9611,0.006123
Hospital_1,241,1,1,0.000454,0.998397,5e-06,5e-06,7e-06,0.001132
Hospital_1,242,4,4,0.00121,5.1e-05,1.3e-05,0.100555,0.894582,0.003589
Hospital_1,243,4,4,0.001338,1.8e-05,2e-06,0.035752,0.952084,0.010805
Hospital_1,244,4,4,0.000606,1.3e-05,5e-06,0.042417,0.952705,0.004254
Hospital_1,245,4,4,0.001142,7e-06,1.9e-05,0.02119,0.962169,0.015474
Hospital_1,246,4,4,0.001173,3.3e-05,9e-06,0.040547,0.946718,0.011519
Hospital_1,247,4,4,0.001226,2.3e-05,6e-06,0.058825,0.935742,0.00418
Hospital_1,248,4,4,0.000682,8e-06,3e-06,0.051795,0.945121,0.00239
Hospital_1,249,4,4,8.5e-05,2e-06,2e-06,0.026577,0.972518,0.000817
Hospital_1,250,4,4,0.005259,5e-06,0.000253,0.006696,0.986942,0.000845
Hospital_1,251,1,1,0.000776,0.998633,5e-06,5e-06,6e-06,0.000575
Hospital_1,252,4,4,0.000386,3e-06,6e-06,0.033569,0.962822,0.003215
Hospital_1,253,4,4,0.000467,3.2e-05,4.1e-05,0.126178,0.869874,0.003409
Hospital_1,254,1,1,9.8e-05,0.998979,1e-06,1e-06,1e-06,0.000919
Hospital_1,255,1,1,7.9e-05,0.99577,1e-06,2e-06,2e-06,0.004146
Hospital_1,256,4,4,0.000329,1e-06,1e-06,0.015416,0.982357,0.001897
Hospital_1,257,1,1,0.000358,0.997154,2e-06,4e-06,7e-06,0.002474
Hospital_1,258,1,1,9.2e-05,0.998057,1e-06,1e-06,2e-06,0.001847
Hospital_1,259,4,4,0.000733,1.6e-05,5e-06,0.040289,0.953784,0.005172
Hospital_1,260,4,4,0.000111,2e-06,3e-06,0.079638,0.919667,0.000579
Hospital_1,261,4,4,0.0039,6.2e-05,1.9e-05,0.074249,0.91075,0.01102
Hospital_1,262,4,4,0.000239,3e-06,2e-06,0.043884,0.954375,0.001497
Hospital_1,263,1,1,0.000131,0.999757,1e-06,1e-06,1e-06,0.000109
Hospital_1,264,1,1,9.3e-05,0.99981,1e-06,0.0,1e-06,9.5e-05
Hospital_1,265,1,1,0.000229,0.999348,6e-06,2e-06,4e-06,0.000411
Hospital_1,266,1,1,5.4e-05,0.999504,1e-06,0.0,1e-06,0.00044
Hospital_1,267,4,4,0.002244,2.7e-05,3e-06,0.027336,0.956784,0.013606
Hospital_1,268,1,1,6.4e-05,0.999799,0.0,0.0,1e-06,0.000135
Hospital_1,269,1,1,0.000298,0.997186,2e-06,7e-06,7e-06,0.002501
Hospital_1,270,3,3,0.0,0.0,9e-06,0.992691,0.0073,0.0
Hospital_1,271,4,4,0.000658,1.1e-05,6e-06,0.06646,0.928956,0.00391
Hospital_1,272,4,4,7.4e-05,3e-06,2e-06,0.042626,0.956093,0.001202
Hospital_1,273,1,1,0.000368,0.999573,3e-06,1e-06,4e-06,5.2e-05
Hospital_1,274,4,4,0.0,0.0,6e-06,0.009283,0.990711,0.0
Hospital_1,275,1,1,0.000108,0.999055,1e-06,1e-06,2e-06,0.000834
Hospital_1,276,4,4,2.3e-05,0.0,0.002178,0.039027,0.958771,1e-06
Hospital_1,277,1,1,0.000103,0.999768,1e-06,1e-06,2e-06,0.000124
Hospital_1,278,3,3,0.0,0.0,3e-06,0.989413,0.010584,0.0
Hospital_1,279,4,4,0.001082,2.6e-05,5e-06,0.031904,0.963212,0.00377
Hospital_1,280,3,3,0.0,0.0,0.0,0.999315,0.000684,0.0
Hospital_1,281,4,4,0.000143,4e-06,4e-06,0.057416,0.941572,0.00086
Hospital_1,282,4,4,0.000468,2e-06,2e-06,0.02427,0.971829,0.00343
Hospital_1,283,0,0,0.8953,2e-05,0.103078,0.000145,0.001232,0.000225
Hospital_1,284,1,1,0.000693,0.999206,5e-06,3e-06,8e-06,8.6e-05
Hospital_1,285,1,1,6.7e-05,0.999901,1e-06,0.0,0.0,3.1e-05
Hospital_1,286,4,4,0.000359,2.7e-05,5.4e-05,0.307037,0.691659,0.000863
Hospital_1,287,4,4,0.001011,6.2e-05,4.7e-05,0.158649,0.838828,0.001403
Hospital_1,288,4,4,0.231263,7e-05,0.000316,0.029929,0.710977,0.027445
Hospital_1,289,1,1,0.000424,0.997297,3e-06,6e-06,5e-06,0.002265
Hospital_1,290,1,1,4.8e-05,0.999939,0.0,0.0,1e-06,1.1e-05
Hospital_1,291,1,1,6e-05,0.999928,0.0,0.0,1e-06,1.1e-05
Hospital_1,292,3,3,0.0,0.0,3e-06,0.99658,0.003417,0.0
Hospital_1,293,1,1,6.8e-05,0.999865,0.0,0.0,0.0,6.5e-05
Hospital_1,294,1,1,0.000452,0.998452,3e-06,5e-06,7e-06,0.001081
Hospital_1,295,4,4,0.000823,1.8e-05,6e-06,0.098017,0.897852,0.003285
Hospital_1,296,4,4,0.000388,5e-06,2e-06,0.025461,0.971811,0.002333
Hospital_1,297,1,1,2.1e-05,0.999402,0.0,0.0,0.0,0.000576
Hospital_1,298,3,3,0.0,0.0,1e-06,0.999725,0.000273,0.0
Hospital_1,299,0,0,0.97293,6e-06,0.026503,4.1e-05,0.000462,5.7e-05
Hospital_1,300,4,4,0.000235,1.1e-05,8e-06,0.09795,0.900676,0.001121
Hospital_1,301,1,1,0.000215,0.996797,2e-06,4e-06,3e-06,0.002979
Hospital_1,302,4,4,0.000421,4e-06,2e-06,0.039998,0.957721,0.001854
Hospital_1,303,4,4,0.000101,1e-06,1e-06,0.027081,0.97196,0.000856
Hospital_1,304,4,4,0.000305,4e-06,4e-06,0.088792,0.909888,0.001006
Hospital_1,305,4,4,0.000755,1.8e-05,1e-05,0.062926,0.93319,0.003101
Hospital_1,306,1,1,0.00016,0.999723,1e-06,1e-06,1e-06,0.000115
Hospital_1,307,4,4,0.000155,9e-06,7e-06,0.07877,0.920145,0.000913
Hospital_1,308,4,4,0.336991,5.9e-05,0.02022,0.007923,0.629951,0.004856
Hospital_1,309,1,1,5e-05,0.999732,0.0,1e-06,1e-06,0.000216
Hospital_1,310,1,1,0.000113,0.999741,1e-06,1e-06,1e-06,0.000144
Hospital_1,311,3,3,0.0,0.0,3e-06,0.996442,0.003556,0.0
Hospital_1,312,4,4,0.000775,2.2e-05,6e-06,0.055665,0.940994,0.002538
Hospital_1,313,4,4,9e-06,3e-06,1.7e-05,0.28438,0.715328,0.000263
Hospital_1,314,4,4,0.000117,2e-06,1e-06,0.025515,0.972915,0.00145
Hospital_1,315,4,4,0.000311,3e-06,2e-06,0.032581,0.965248,0.001855
Hospital_1,316,4,4,0.000232,4e-06,1e-06,0.033925,0.964061,0.001777
Hospital_1,317,1,1,0.000148,0.999805,1e-06,1e-06,1e-06,4.4e-05
Hospital_1,318,4,4,0.155615,0.000837,9.8e-05,0.022762,0.502567,0.31812
Hospital_1,319,4,4,0.001101,6e-06,2e-06,0.029549,0.965659,0.003683
Hospital_1,320,4,4,0.000148,3e-06,2e-06,0.03277,0.966046,0.00103
Hospital_1,321,4,4,0.00058,1.1e-05,4e-06,0.082131,0.915255,0.00202
Hospital_1,322,3,3,0.0,0.0,3e-06,0.990291,0.009707,0.0
Hospital_1,323,1,1,6.4e-05,0.999863,1e-06,1e-06,1e-06,7.1e-05
Hospital_1,324,1,1,2e-05,0.999706,0.0,0.0,0.0,0.000273
Hospital_1,325,0,0,0.930827,6.6e-05,0.068236,4.8e-05,0.000369,0.000454
Hospital_1,326,1,1,0.000105,0.999585,1e-06,1e-06,1e-06,0.000307
Hospital_1,327,1,1,6.9e-05,0.999913,1e-06,0.0,2e-06,1.4e-05
Hospital_1,328,4,4,0.000383,2e-06,4e-06,0.052286,0.946164,0.001161
Hospital_1,329,1,1,0.001527,0.99835,2.3e-05,9e-06,3.8e-05,5.3e-05
Hospital_1,330,4,4,0.00064,1.5e-05,4e-06,0.03181,0.962809,0.004722
Hospital_1,331,4,4,0.000992,4e-06,6e-06,0.061005,0.935235,0.002759
Hospital_1,332,1,1,6.5e-05,0.999722,0.0,1e-06,1e-06,0.000211
Hospital_1,333,4,4,0.000176,1e-06,1e-06,0.014739,0.980783,0.0043
Hospital_1,334,1,1,0.00055,0.999204,4e-06,2e-06,5e-06,0.000236
Hospital_1,335,4,4,0.001823,1e-06,0.000187,0.016968,0.978472,0.002549
Hospital_1,336,4,4,0.00061,1e-05,4e-06,0.038979,0.957261,0.003136
Hospital_1,337,3,3,0.0,0.0,1e-06,0.964762,0.035237,0.0
Hospital_1,338,1,1,0.000126,0.999592,1e-06,1e-06,1e-06,0.000279
Hospital_1,339,1,1,0.000704,0.993707,8e-06,2.2e-05,1.6e-05,0.005542
Hospital_1,340,4,4,0.000602,5e-06,4e-06,0.05832,0.939004,0.002064
Hospital_1,341,4,4,0.000172,6e-06,9e-06,0.093232,0.905716,0.000866
Hospital_1,342,1,1,7.9e-05,0.999876,0.0,0.0,1e-06,4.2e-05
Hospital_1,343,4,4,0.000216,3e-06,2e-06,0.046196,0.951875,0.001708
Hospital_1,344,1,1,2.8e-05,0.999872,0.0,0.0,0.0,9.9e-05
Hospital_1,345,4,4,0.002898,6e-06,8e-06,0.022577,0.962266,0.012245
Hospital_1,346,1,1,4.1e-05,0.999943,1e-06,0.0,1e-06,1.4e-05
Hospital_1,347,1,1,5e-05,0.999822,1e-06,0.0,1e-06,0.000126
Hospital_1,348,4,4,0.000787,8e-06,6e-06,0.056783,0.940587,0.001829
Hospital_1,349,4,4,0.000134,4e-06,5e-06,0.076193,0.923026,0.000638
Hospital_1,350,4,4,0.000438,1.7e-05,7e-06,0.061337,0.936787,0.001415
Hospital_1,351,1,1,0.000556,0.999355,5e-06,4e-06,1.2e-05,6.8e-05
Hospital_1,352,4,4,0.000464,9e-06,2.2e-05,0.071236,0.92747,0.000799
Hospital_1,353,1,1,0.001181,0.998491,1.4e-05,1.4e-05,2.7e-05,0.000272
Hospital_1,354,4,4,0.004464,4.7e-05,1.1e-05,0.074148,0.917188,0.004142
Hospital_1,355,3,3,0.0,0.0,0.0,0.999404,0.000596,0.0
Hospital_1,356,1,1,8.6e-05,0.999805,0.0,0.0,0.0,0.000108
Hospital_1,357,1,1,4.6e-05,0.999829,0.0,1e-06,1e-06,0.000124
Hospital_1,358,1,1,6.7e-05,0.999849,0.0,0.0,1e-06,8.2e-05
Hospital_1,359,4,4,0.000303,4e-06,2e-06,0.050587,0.947188,0.001916
Hospital_1,360,4,4,2.7e-05,0.0,2e-06,0.041063,0.958602,0.000305
Hospital_1,361,0,0,0.932814,2.8e-05,0.065907,0.000107,0.000813,0.000332
Hospital_1,362,4,4,0.000266,1e-05,7e-06,0.067964,0.929928,0.001824
Hospital_1,363,1,1,0.00024,0.999682,4e-06,2e-06,6e-06,6.6e-05
Hospital_1,364,4,4,0.000348,6e-06,2e-06,0.034556,0.963058,0.002029
Hospital_1,365,1,1,5.2e-05,0.999905,0.0,0.0,0.0,4.3e-05
Hospital_1,366,3,3,0.0,0.0,1e-06,0.999808,0.000191,0.0
Hospital_1,367,4,4,0.000892,2.9e-05,2.8e-05,0.195242,0.802417,0.001392
Hospital_1,368,1,1,4.9e-05,0.999921,0.0,0.0,1e-06,2.8e-05
Hospital_1,369,1,1,0.000141,0.998405,1e-06,2e-06,2e-06,0.001449
Hospital_1,370,4,4,0.001346,0.000124,9.7e-05,0.00742,0.945547,0.045467
Hospital_1,371,4,4,0.000235,3e-06,1e-06,0.023772,0.974364,0.001625
Hospital_1,372,4,4,0.000573,8e-06,2e-06,0.064579,0.931963,0.002875
Hospital_1,373,5,5,0.002541,0.000596,0.001499,0.002078,0.000721,0.992566
Hospital_1,374,4,4,0.000437,5e-06,4e-06,0.043177,0.954286,0.002091
Hospital_1,375,1,1,0.000464,0.999441,3e-06,2e-06,5e-06,8.4e-05
Hospital_1,376,0,0,0.914133,4e-05,0.084254,0.000274,0.000739,0.00056
Hospital_1,377,1,1,0.000289,0.999664,2e-06,2e-06,5e-06,3.8e-05
Hospital_1,378,0,0,0.82538,3.6e-05,0.173222,0.000215,0.000839,0.000308
Hospital_1,379,4,4,0.152138,0.104657,0.009107,0.023874,0.612257,0.097968
Hospital_1,380,4,4,0.000282,7e-06,5e-06,0.076032,0.922644,0.00103
Hospital_1,381,1,1,0.000115,0.998011,1e-06,2e-06,2e-06,0.001869
Hospital_1,382,3,3,0.0,0.0,0.0,0.999691,0.000309,0.0
Hospital_1,383,1,1,4.9e-05,0.999941,0.0,0.0,1e-06,9e-06
Hospital_1,384,4,4,0.0,0.0,3e-06,0.018301,0.981696,0.0
Hospital_1,385,4,4,0.000225,4e-06,2e-06,0.036521,0.961098,0.00215
Hospital_1,386,3,4,1e-06,0.0,7e-06,0.441145,0.558845,2e-06
Hospital_1,387,1,1,0.00186,0.997613,7e-06,7e-06,1.7e-05,0.000496
Hospital_1,388,4,4,0.00385,0.000133,3.6e-05,0.077023,0.905017,0.013942
Hospital_1,389,4,4,0.000286,1e-06,3e-06,0.013707,0.984002,0.002001
Hospital_1,390,4,4,0.00062,7e-06,1.1e-05,0.066091,0.930761,0.00251
Hospital_1,391,1,1,0.000223,0.999392,4e-06,3e-06,5e-06,0.000373
Hospital_1,392,4,4,0.000671,6e-06,5e-06,0.032999,0.963746,0.002573
Hospital_1,393,4,4,0.000259,2e-06,3e-06,0.043958,0.954734,0.001043
Hospital_1,394,1,1,2.3e-05,0.999955,0.0,0.0,0.0,2.1e-05
Hospital_1,395,4,4,0.000487,1e-05,1e-05,0.202817,0.795718,0.000958
Hospital_1,396,1,1,0.000225,0.999684,4e-06,2e-06,7e-06,7.9e-05
Hospital_1,397,1,1,0.000536,0.99935,7e-06,3e-06,1.5e-05,9e-05
Hospital_1,398,4,4,0.001587,4e-06,3e-06,0.03578,0.957271,0.005355
Hospital_1,399,4,4,0.000467,8e-06,2e-06,0.037517,0.958839,0.003167
Hospital_1,400,0,0,0.955244,2.4e-05,0.04386,0.000126,0.00055,0.000196
Hospital_1,401,1,1,5.5e-05,0.9998,1e-06,0.0,1e-06,0.000144
Hospital_1,402,3,3,0.0,0.0,0.0,0.997095,0.002905,0.0
Hospital_1,403,1,1,1.3e-05,0.999927,0.0,0.0,0.0,5.9e-05
Hospital_1,404,4,4,0.00067,7e-06,2e-06,0.027563,0.967038,0.00472
Hospital_1,405,1,1,3.2e-05,0.998954,1e-06,1e-06,1e-06,0.001012
Hospital_1,406,4,4,0.00072,2.3e-05,8e-06,0.071876,0.924712,0.002661
Hospital_1,407,4,4,0.000608,1.9e-05,1.2e-05,0.084223,0.911607,0.003532
Hospital_1,408,1,1,6.8e-05,0.999573,1e-06,1e-06,1e-06,0.000355
Hospital_1,409,4,4,0.00318,0.000112,2.8e-05,0.103171,0.886387,0.00712
Hospital_1,410,1,1,0.000158,0.999755,1e-06,1e-06,2e-06,8.3e-05
Hospital_1,411,1,1,0.000128,0.998131,1e-06,2e-06,2e-06,0.001737
Hospital_1,412,1,1,4.6e-05,0.999801,1e-06,0.0,1e-06,0.000151
Hospital_1,413,4,4,0.000257,6e-06,5e-06,0.074225,0.924803,0.000704
Hospital_1,414,1,1,3.7e-05,0.999891,0.0,0.0,0.0,7.1e-05
Hospital_1,415,4,4,0.000269,1.1e-05,7e-06,0.097729,0.900953,0.001031
Hospital_1,416,4,4,0.000362,7e-06,3e-06,0.075691,0.922618,0.001319
Hospital_1,417,4,4,0.002842,0.000453,0.000246,0.14904,0.830779,0.016641
Hospital_1,418,1,1,0.001012,0.998377,1.3e-05,1.8e-05,5.5e-05,0.000527
Hospital_1,419,1,1,0.000108,0.99973,1e-06,1e-06,1e-06,0.000159
Hospital_1,420,1,1,0.000322,0.993631,3e-06,8e-06,6e-06,0.00603
Hospital_1,421,0,0,0.957547,9e-06,0.0403,0.000134,0.001881,0.000129
Hospital_1,422,0,0,0.974879,4.3e-05,0.02312,0.000204,0.000832,0.000922
Hospital_1,423,1,1,2.6e-05,0.99978,0.0,0.0,0.0,0.000193
Hospital_1,424,0,0,0.905181,0.000152,0.091148,7.7e-05,0.001634,0.001808
Hospital_1,425,4,4,0.004712,0.000424,0.000171,0.24128,0.745055,0.008357
Hospital_1,426,4,4,0.000213,1e-05,7e-06,0.080011,0.918294,0.001466
Hospital_1,427,4,4,0.000391,4e-06,3e-06,0.055058,0.942876,0.001668
Hospital_1,428,4,4,0.000361,9e-06,1.7e-05,0.144169,0.853791,0.001654
Hospital_1,429,3,3,0.0,0.0,0.0,0.999888,0.000112,0.0
Hospital_1,430,4,4,0.00324,0.000106,1.3e-05,0.040009,0.948938,0.007695
Hospital_1,431,4,4,0.0006,1.1e-05,1.4e-05,0.1034,0.894831,0.001145
Hospital_1,432,1,1,4.4e-05,0.999785,0.0,0.0,1e-06,0.00017
Hospital_1,433,4,4,0.000118,2e-06,1e-06,0.04692,0.951978,0.000981
Hospital_1,434,1,1,2.1e-05,0.999928,0.0,0.0,0.0,5.1e-05
Hospital_1,435,1,1,0.000289,0.997793,1e-06,3e-06,4e-06,0.00191
Hospital_1,436,4,4,0.000274,7e-06,3e-06,0.064049,0.933964,0.001702
Hospital_1,437,4,4,0.000638,1.9e-05,1e-05,0.134956,0.862062,0.002316
Hospital_1,438,4,4,0.000789,7e-06,3e-06,0.025606,0.963752,0.009844
Hospital_1,439,1,1,0.000325,0.998649,3e-06,6e-06,4e-06,0.001013
Hospital_1,440,1,1,0.000275,0.999368,4e-06,3e-06,4e-06,0.000346
Hospital_1,441,3,3,0.0,0.0,0.0,0.9996,0.0004,0.0
Hospital_1,442,1,1,0.00479,0.995055,2.4e-05,7e-06,3.4e-05,9.1e-05
Hospital_1,443,3,3,0.0,0.0,3e-06,0.999848,0.000149,0.0
Hospital_1,444,4,4,0.000913,3.3e-05,6e-06,0.071535,0.923834,0.003679
Hospital_1,445,1,1,8.8e-05,0.999903,0.0,0.0,1e-06,8e-06
Hospital_1,446,1,1,0.001834,0.997685,8e-06,5e-06,1.6e-05,0.00045
Hospital_1,447,1,1,0.000144,0.999319,1e-06,1e-06,1e-06,0.000534
Hospital_1,448,4,4,0.000154,4e-06,1.2e-05,0.188644,0.810437,0.000748
Hospital_1,449,4,4,0.001889,5.4e-05,1e-05,0.048202,0.939876,0.009969
Hospital_1,450,4,4,0.00077,3.4e-05,7e-06,0.076862,0.918595,0.003732
Hospital_1,451,1,1,0.000105,0.997811,1e-06,2e-06,2e-06,0.00208
Hospital_1,452,4,4,0.000399,9e-06,4e-06,0.08007,0.917354,0.002163
Hospital_1,453,0,0,0.963267,5.1e-05,0.035454,0.000155,0.000693,0.000381
Hospital_1,454,1,1,3.7e-05,0.99992,0.0,0.0,0.0,4.2e-05
Hospital_1,455,3,3,0.0,0.0,0.0,0.999468,0.000532,0.0
Hospital_1,456,4,4,0.000458,3e-06,5e-06,0.064973,0.932983,0.001579
Hospital_1,457,4,4,0.000139,4e-06,2e-06,0.0486,0.950411,0.000844
Hospital_1,458,1,1,0.000412,0.998409,2e-06,5e-06,6e-06,0.001166
Hospital_1,459,3,3,0.0,0.0,5e-06,0.978699,0.021296,0.0
Hospital_1,460,1,1,0.000116,0.999746,1e-06,1e-06,1e-06,0.000135
Hospital_1,461,4,4,0.001814,2.2e-05,3e-05,0.049243,0.943581,0.00531
Hospital_1,462,4,4,0.001294,6.6e-05,3.2e-05,0.112857,0.881987,0.003764
Hospital_1,463,1,1,9.5e-05,0.999257,1e-06,1e-06,1e-06,0.000644
Hospital_1,464,0,0,0.737087,0.000213,0.261496,0.000126,0.000309,0.000769
Hospital_1,465,4,4,0.000319,7e-06,6e-06,0.03248,0.965361,0.001826
Hospital_1,466,4,4,0.000421,4e-06,1e-06,0.023722,0.971769,0.004083
Hospital_1,467,0,0,0.959164,3.7e-05,0.039247,0.000189,0.001011,0.000352
Hospital_1,468,1,1,4.9e-05,0.999887,1e-06,1e-06,1e-06,6.1e-05
Hospital_1,469,4,4,0.000312,2.2e-05,2.4e-05,0.138199,0.859662,0.001781
Hospital_1,470,1,1,0.000288,0.999647,4e-06,2e-06,1.2e-05,4.7e-05
Hospital_1,471,1,1,0.000134,0.99976,2e-06,1e-06,2e-06,0.000101
Hospital_1,472,4,4,0.000192,2e-06,7e-06,0.071447,0.927337,0.001015
Hospital_1,473,0,0,0.987572,1.4e-05,0.011918,1.9e-05,0.000338,0.000139
Hospital_1,474,4,4,0.000511,7e-06,2.5e-05,0.041799,0.95603,0.001627
Hospital_1,475,1,1,1.4e-05,0.999779,0.0,0.0,0.0,0.000207
Hospital_1,476,0,0,0.967354,3.4e-05,0.031348,0.000186,0.000662,0.000416
Hospital_1,477,4,4,0.000257,2.3e-05,1.7e-05,0.110025,0.888527,0.00115
Hospital_1,478,4,4,0.0005,4e-06,1e-06,0.018263,0.976315,0.004917
Hospital_1,479,1,1,0.000179,0.999767,3e-06,2e-06,3e-06,4.6e-05
Hospital_1,480,1,1,0.000307,0.997532,1e-06,3e-06,4e-06,0.002152
Hospital_1,481,3,3,0.0,0.0,1.1e-05,0.760744,0.239245,0.0
Hospital_1,482,0,0,0.930082,1.9e-05,0.068058,0.000389,0.001367,8.6e-05
Hospital_1,483,1,1,0.000149,0.999633,1e-06,1e-06,1e-06,0.000215
Hospital_1,484,4,4,3.4e-05,1e-06,1e-06,0.055953,0.943762,0.000248
Hospital_1,485,3,3,0.0,0.0,0.0,0.999872,0.000128,0.0
Hospital_1,486,4,4,0.000376,1.2e-05,5e-06,0.066747,0.931428,0.001433
Hospital_1,487,1,1,6e-05,0.99986,0.0,0.0,1e-06,7.9e-05
Hospital_1,488,1,1,1.2e-05,0.999677,0.0,0.0,0.0,0.00031
Hospital_1,489,4,4,0.001697,0.008335,0.015741,0.38916,0.581078,0.00399
Hospital_1,490,1,1,4.8e-05,0.99991,1e-06,0.0,0.0,4e-05
Hospital_1,491,4,4,0.00025,2e-06,3e-06,0.022471,0.973958,0.003317
Hospital_1,492,0,0,0.811865,2.6e-05,0.168864,0.00057,0.009778,0.008898
Hospital_1,493,1,1,0.000277,0.998345,3e-06,5e-06,4e-06,0.001367
Hospital_1,494,3,3,0.0,0.0,0.0,0.999912,8.8e-05,0.0
Hospital_1,495,4,4,0.000589,1.7e-05,7e-06,0.088236,0.90678,0.00437
Hospital_1,496,4,4,0.000208,8e-06,6e-06,0.067431,0.931256,0.001092
Hospital_1,497,1,1,2.6e-05,0.999936,0.0,0.0,0.0,3.7e-05
Hospital_1,498,4,4,0.000225,1e-05,5e-06,0.07302,0.925581,0.001159
Hospital_1,499,1,1,0.000543,0.9994,6e-06,3e-06,1.4e-05,3.4e-05
Hospital_1,500,3,3,0.0,0.0,0.0,0.997901,0.002099,0.0
Hospital_1,501,1,1,0.000526,0.999217,1.1e-05,8e-06,2.1e-05,0.000218
Hospital_1,502,3,3,0.0,0.0,0.0,0.988913,0.011087,0.0
Hospital_1,503,4,4,0.000137,6e-06,3e-06,0.069045,0.929746,0.001062
Hospital_1,504,4,4,0.000107,1e-06,1e-06,0.040426,0.958878,0.000587
Hospital_1,505,4,4,0.000416,6e-06,1.1e-05,0.138965,0.859613,0.000989
Hospital_1,506,4,4,0.01493,0.000691,0.000753,0.386861,0.59009,0.006674
Hospital_1,507,1,1,6.3e-05,0.997506,1e-06,1e-06,1e-06,0.002427
Hospital_1,508,1,1,0.000146,0.999716,1e-06,1e-06,1e-06,0.000136
Hospital_1,509,4,4,0.000139,3e-06,2e-06,0.043404,0.955702,0.00075
Hospital_1,510,4,4,0.000229,2e-06,3e-06,0.026992,0.972115,0.000659
Hospital_1,511,1,1,0.000804,0.999065,9e-06,3e-06,1.7e-05,0.000101
Hospital_1,512,4,4,0.001943,7.5e-05,3.5e-05,0.162055,0.830159,0.005733
Hospital_1,513,1,1,0.000792,0.999176,7e-06,2e-06,1e-05,1.4e-05
Hospital_1,514,1,1,7e-05,0.999848,1e-06,1e-06,2e-06,7.8e-05
Hospital_1,515,4,4,0.000601,6e-06,8e-06,0.145359,0.85275,0.001276
Hospital_1,516,1,1,0.000541,0.999368,6e-06,4e-06,9e-06,7.2e-05
Hospital_1,517,1,1,0.000147,0.99887,3e-06,4e-06,5e-06,0.000969
Hospital_1,518,4,4,4.5e-05,0.0,4e-06,0.010097,0.989727,0.000125
Hospital_1,519,1,1,2.1e-05,0.999726,0.0,0.0,0.0,0.000252
Hospital_1,520,3,3,0.0,0.0,0.0,0.922358,0.077641,0.0
Hospital_1,521,4,4,0.000294,6e-06,2e-06,0.059208,0.939346,0.001145
Hospital_1,522,1,1,0.000245,0.999307,1e-06,3e-06,4e-06,0.00044
Hospital_1,523,1,1,5.4e-05,0.999242,1e-06,1e-06,1e-06,0.000702
Hospital_1,524,4,4,0.001224,7e-06,5e-06,0.028641,0.965316,0.004807
Hospital_1,525,5,5,0.019138,0.002167,2.3e-05,0.000287,0.001548,0.976837
Hospital_1,526,4,4,0.000857,1.5e-05,5e-06,0.045919,0.950074,0.00313
Hospital_1,527,4,4,0.000674,4e-06,2e-06,0.029675,0.964724,0.004921
Hospital_1,528,3,3,0.0,0.0,0.0,0.999955,4.5e-05,0.0
Hospital_1,529,1,1,0.000702,0.995971,5e-06,1.4e-05,1.3e-05,0.003295
Hospital_1,530,5,5,0.004622,0.001069,0.000331,0.00218,0.001625,0.990173
Hospital_1,531,1,1,0.00014,0.999798,1e-06,1e-06,2e-06,5.9e-05
Hospital_1,532,4,4,0.0,0.0,1.5e-05,0.023906,0.976079,0.0
Hospital_1,533,1,1,0.000205,0.999199,2e-06,6e-06,5e-06,0.000582
Hospital_1,534,4,4,0.000127,3e-06,4e-06,0.058397,0.940802,0.000667
Hospital_1,535,1,1,0.000341,0.997019,2e-06,4e-06,5e-06,0.002628
Hospital_1,536,3,3,0.0,0.0,0.0,0.999023,0.000977,0.0
Hospital_1,537,4,4,0.236402,3.1e-05,0.000169,0.013676,0.694687,0.055035
Hospital_1,538,3,3,0.0,0.0,1e-06,0.999005,0.000994,0.0
Hospital_1,539,4,4,0.000313,3e-06,3e-06,0.027847,0.966772,0.005061
Hospital_1,540,4,4,0.000226,3e-06,1e-05,0.170848,0.82804,0.000873
Hospital_1,541,1,1,0.00138,0.998562,7e-06,4e-06,2.5e-05,2.2e-05
Hospital_1,542,1,1,7.3e-05,0.999871,1e-06,0.0,1e-06,5.5e-05
Hospital_1,543,3,3,0.0,0.0,1e-06,0.988193,0.011806,0.0
Hospital_1,544,1,1,5.4e-05,0.999931,1e-06,0.0,2e-06,1.1e-05
Hospital_1,545,3,3,0.0,0.0,0.0,0.986203,0.013797,0.0
Hospital_1,546,0,0,0.97358,3.3e-05,0.02559,8.4e-05,0.000351,0.000361
Hospital_1,547,3,3,0.0,0.0,9e-06,0.974828,0.025162,0.0
Hospital_1,548,4,4,0.00222,2.9e-05,6e-06,0.0324,0.95191,0.013435
Hospital_1,549,4,4,0.001113,8.7e-05,1.5e-05,0.079333,0.914962,0.00449
Hospital_1,550,4,4,0.00107,1.1e-05,6e-06,0.028712,0.954756,0.015444
Hospital_1,551,4,4,0.000178,7e-06,4e-06,0.072326,0.926384,0.001101
Hospital_1,552,4,4,0.041568,2.3e-05,4.4e-05,0.070751,0.84534,0.042274
Hospital_1,553,0,0,0.916833,8.9e-05,0.077753,0.00031,0.000409,0.004605
Hospital_1,554,3,3,0.0,0.0,0.0,0.99994,6e-05,0.0
Hospital_1,555,3,3,0.0,0.0,6e-06,0.999594,0.0004,0.0
Hospital_1,556,1,1,0.000572,0.999101,5e-06,8e-06,3.3e-05,0.000282
Hospital_1,557,0,0,0.828753,4e-05,0.167859,0.000316,0.001905,0.001127
Hospital_1,558,4,4,0.000299,6e-06,5e-06,0.035725,0.963124,0.000841
Hospital_1,559,4,4,6.2e-05,2e-06,2e-06,0.063878,0.93566,0.000396
Hospital_1,560,0,0,0.919384,0.00015,0.078614,2.9e-05,0.000756,0.001068
Hospital_1,561,1,1,0.001086,0.998898,2e-06,1e-06,8e-06,5e-06
Hospital_1,562,4,4,0.000115,2e-06,1e-06,0.025656,0.972896,0.00133
Hospital_1,563,4,4,0.00074,1e-06,1.4e-05,0.02749,0.96996,0.001795
Hospital_1,564,1,1,7e-05,0.999241,1e-06,1e-06,1e-06,0.000685
Hospital_1,565,4,4,0.001724,8e-06,3e-05,0.092277,0.897731,0.00823
Hospital_1,566,1,1,0.000303,0.999667,1e-06,1e-06,3e-06,2.5e-05
Hospital_1,567,4,4,0.001648,1.7e-05,4e-05,0.075432,0.920965,0.001898
Hospital_1,568,4,4,0.000809,2.2e-05,1.7e-05,0.070063,0.927356,0.001734
Hospital_1,569,4,4,0.00137,2.3e-05,4e-06,0.054745,0.936424,0.007435
Hospital_1,570,4,4,0.000155,2e-06,3e-06,0.059158,0.939517,0.001166
Hospital_1,571,1,1,6.4e-05,0.999722,0.0,0.0,1e-06,0.000213
Hospital_1,572,4,4,0.000866,8e-06,1e-06,0.025732,0.968632,0.00476
Hospital_1,573,4,4,0.000293,2e-06,2e-06,0.021693,0.974794,0.003217
Hospital_1,574,4,4,0.00127,0.000196,0.000184,0.21987,0.775055,0.003425
Hospital_1,575,0,0,0.979703,2.5e-05,0.019175,0.000109,0.0008,0.000186
Hospital_1,576,4,4,0.000229,8e-06,4e-06,0.070501,0.928313,0.000945
Hospital_1,577,4,4,0.000565,1.3e-05,6e-06,0.046612,0.94908,0.003725
Hospital_1,578,4,4,0.000256,9e-06,1.2e-05,0.145593,0.852965,0.001165
Hospital_1,579,1,1,0.000102,0.999851,1e-06,1e-06,1e-06,4.4e-05
Hospital_1,580,4,4,9.8e-05,2e-06,4e-06,0.041177,0.958054,0.000665
Hospital_1,581,4,4,0.00016,4e-06,3e-06,0.05439,0.944526,0.000919
Hospital_1,582,0,0,0.96642,3e-05,0.032016,8.4e-05,0.001027,0.000423
Hospital_1,583,4,4,0.0005,1.4e-05,9e-06,0.132815,0.865055,0.001608
Hospital_1,584,3,3,0.0,0.0,0.0,0.990469,0.009531,0.0
Hospital_1,585,1,1,0.000142,0.99981,2e-06,1e-06,3e-06,4.2e-05
Hospital_1,586,0,0,0.976961,4.3e-05,0.021672,4.8e-05,0.000969,0.000307
Hospital_1,587,4,4,0.00028,1e-06,1e-06,0.019814,0.973341,0.006562
Hospital_1,588,1,1,5.9e-05,0.999879,0.0,0.0,0.0,6.1e-05
Hospital_1,589,1,1,0.000289,0.999668,7e-06,1e-06,2e-05,1.5e-05
Hospital_1,590,1,1,6.9e-05,0.999893,1e-06,0.0,1e-06,3.6e-05
Hospital_1,591,1,1,4.7e-05,0.999837,1e-06,0.0,1e-06,0.000114
Hospital_1,592,4,4,0.001855,0.000128,2e-05,0.099199,0.8905,0.008298
Hospital_1,593,4,4,0.000294,2e-06,1e-06,0.02446,0.97206,0.003182
Hospital_1,594,4,4,0.00028,1e-06,5e-06,0.024325,0.974546,0.000844
Hospital_1,595,1,1,0.000113,0.999772,1e-06,1e-06,1e-06,0.000111
Hospital_1,596,4,4,9.7e-05,3e-06,3e-06,0.060299,0.939002,0.000597
Hospital_1,597,3,3,0.0,0.0,0.0,0.999984,1.6e-05,0.0
Hospital_1,598,4,4,0.005633,3.4e-05,3.3e-05,0.056306,0.920723,0.017271
Hospital_1,599,3,3,0.0,0.0,3e-06,0.99134,0.008658,0.0
Hospital_1,600,1,1,0.000459,0.998856,2e-06,5e-06,1.5e-05,0.000662
Hospital_1,601,4,4,0.000799,2e-05,6e-06,0.05182,0.942554,0.004801
Hospital_1,602,4,4,0.000509,3e-06,5e-06,0.048232,0.949593,0.001658
Hospital_1,603,4,4,0.000547,0.0,0.00074,0.056364,0.942153,0.000196
Hospital_1,604,1,1,0.000165,0.99954,1e-06,3e-06,3e-06,0.000289
Hospital_1,605,4,4,0.000481,2.2e-05,6e-06,0.086455,0.910029,0.003007
Hospital_1,606,4,4,0.00033,9e-06,3.3e-05,0.041331,0.957436,0.000861
Hospital_1,607,4,4,0.006707,3e-06,9e-06,0.023155,0.955985,0.01414
Hospital_1,608,1,1,8.2e-05,0.999756,1e-06,0.0,1e-06,0.000159
Hospital_1,609,3,3,0.0,0.0,1e-06,0.99959,0.000409,0.0
Hospital_1,610,0,0,0.974354,9.1e-05,0.024679,4.9e-05,0.000278,0.000549
Hospital_1,611,3,3,0.0,0.0,1.1e-05,0.999448,0.000541,0.0
Hospital_1,612,4,4,0.002285,3.3e-05,5.3e-05,0.093481,0.900276,0.003873
Hospital_1,613,4,4,0.000473,1.3e-05,1.8e-05,0.058976,0.938014,0.002505
Hospital_1,614,1,1,9.2e-05,0.99988,0.0,0.0,1e-06,2.8e-05
Hospital_1,615,4,4,0.000436,6e-06,2e-06,0.029493,0.966754,0.003309
Hospital_1,616,4,4,0.000645,1.1e-05,2.3e-05,0.099914,0.89262,0.006786
Hospital_1,617,4,4,0.000289,6e-06,3e-06,0.053319,0.944408,0.001975
Hospital_1,618,4,4,0.000869,6.2e-05,4.5e-05,0.214738,0.782111,0.002175
Hospital_1,619,1,1,0.000289,0.99928,1e-06,2e-06,3e-06,0.000425
