hospital,imagen_idx,y_true,y_pred,prob_0,prob_1,prob_2,prob_3,prob_4,prob_5
Hospital_1,0,1,1,3.2e-05,0.998624,0.0,0.0,6e-06,0.001338
Hospital_1,1,1,1,4.7e-05,0.982919,0.0,6e-06,6.5e-05,0.016964
Hospital_1,2,2,2,0.027801,1.6e-05,0.971746,0.000279,0.000104,5.4e-05
Hospital_1,3,2,2,0.025651,7.9e-05,0.973945,9.1e-05,0.000103,0.000131
Hospital_1,4,3,3,0.013508,0.000268,0.000806,0.979288,0.005023,0.001107
Hospital_1,5,3,3,0.00319,5.3e-05,0.000777,0.994282,0.001486,0.000213
Hospital_1,6,5,5,0.001241,0.011564,0.0,0.000386,0.011222,0.975587
Hospital_1,7,2,2,0.027617,8.9e-05,0.971932,0.0001,0.000111,0.00015
Hospital_1,8,3,3,0.009844,5.6e-05,0.001313,0.965995,0.019916,0.002877
Hospital_1,9,2,2,0.039979,2.7e-05,0.959316,0.000398,0.000174,0.000106
Hospital_1,10,2,2,0.029682,1.5e-05,0.969931,0.000219,9.4e-05,5.9e-05
Hospital_1,11,2,2,0.02093,3.3e-05,0.978796,9.1e-05,7.4e-05,7.6e-05
Hospital_1,12,1,1,0.000125,0.980872,0.0,1e-06,2.7e-05,0.018975
Hospital_1,13,3,3,0.006927,0.00036,0.00128,0.988574,0.002153,0.000706
Hospital_1,14,3,3,0.001283,5.1e-05,1.3e-05,0.996516,0.001605,0.000531
Hospital_1,15,0,0,0.904522,0.015126,0.064001,0.000693,0.0029,0.012759
Hospital_1,16,3,3,0.005058,0.00039,0.000181,0.992255,0.001413,0.000703
Hospital_1,17,2,2,0.024709,3.8e-05,0.974989,0.000101,8.6e-05,7.7e-05
Hospital_1,18,2,2,0.020213,3.7e-05,0.979516,7.8e-05,7.4e-05,8.2e-05
Hospital_1,19,3,3,0.004942,8.7e-05,0.000211,0.973406,0.018627,0.002727
Hospital_1,20,2,2,0.033216,2.3e-05,0.96625,0.000289,0.000137,8.6e-05
Hospital_1,21,5,5,0.000606,0.002859,0.0,0.00026,0.019888,0.976387
Hospital_1,22,2,2,0.026589,2.4e-05,0.973095,0.000129,8.8e-05,7.4e-05
Hospital_1,23,3,3,0.000192,1.8e-05,0.0,0.99302,0.00501,0.00176
Hospital_1,24,0,0,0.939843,0.002375,0.036909,0.004415,0.005614,0.010844
Hospital_1,25,2,2,0.032882,0.000154,0.966464,0.000114,0.000158,0.000228
Hospital_1,26,3,3,0.325346,0.015331,0.004325,0.573692,0.066393,0.014913
Hospital_1,27,2,2,0.025228,4.1e-05,0.97444,0.000104,9e-05,9.7e-05
Hospital_1,28,3,3,0.000223,2e-06,2e-06,0.99957,0.000173,2.8e-05
Hospital_1,29,2,2,0.026597,3.6e-05,0.97309,0.000107,8.9e-05,8.1e-05
Hospital_1,30,3,3,0.020816,0.000469,0.000245,0.973658,0.003637,0.001174
Hospital_1,31,2,2,0.02455,1.6e-05,0.975163,0.000149,7.5e-05,4.7e-05
Hospital_1,32,2,2,0.02327,3.1e-05,0.976442,0.00011,8e-05,6.7e-05
Hospital_1,33,2,2,0.024159,2.3e-05,0.975555,0.000122,8e-05,6e-05
Hospital_1,34,2,2,0.035878,1.8e-05,0.963578,0.000338,0.000122,6.5e-05
Hospital_1,35,2,2,0.021841,2.8e-05,0.977884,0.000103,7.5e-05,6.9e-05
Hospital_1,36,5,5,0.00053,0.003664,0.0,0.000231,0.014244,0.981331
Hospital_1,37,2,2,0.035733,0.000158,0.96359,0.000113,0.000163,0.000243
Hospital_1,38,2,2,0.021115,3.2e-05,0.978629,8.7e-05,7.1e-05,6.6e-05
Hospital_1,39,2,2,0.024944,2.8e-05,0.974706,0.000152,9.3e-05,7.6e-05
Hospital_1,40,5,5,0.00182,0.006965,0.0,0.000695,0.01494,0.97558
Hospital_1,41,2,2,0.02665,7.2e-05,0.972981,8.5e-05,9.3e-05,0.000119
Hospital_1,42,2,2,0.024716,2.3e-05,0.974988,0.00013,8.2e-05,6.1e-05
Hospital_1,43,2,2,0.020657,4.2e-05,0.979097,6e-05,6.4e-05,8e-05
Hospital_1,44,1,1,8.8e-05,0.994498,0.0,0.0,1e-05,0.005405
Hospital_1,45,2,2,0.029064,8.5e-05,0.970497,9.3e-05,0.000114,0.000146
Hospital_1,46,3,3,0.132513,0.001026,0.039621,0.761338,0.051155,0.014347
Hospital_1,47,3,3,0.001384,7.6e-05,1.3e-05,0.997849,0.000509,0.000169
Hospital_1,48,2,2,0.021271,2.3e-05,0.97847,0.000106,7e-05,6.1e-05
Hospital_1,49,5,5,0.002216,0.015908,0.0,0.000446,0.008033,0.973397
Hospital_1,50,2,2,0.02561,4.5e-05,0.973938,0.000156,0.000128,0.000123
Hospital_1,51,3,3,0.00325,0.000115,6.3e-05,0.995649,0.000671,0.000252
Hospital_1,52,2,2,0.029082,1.7e-05,0.97056,0.00019,9.5e-05,5.7e-05
Hospital_1,53,3,3,0.001581,4.6e-05,9e-06,0.967577,0.024903,0.005884
Hospital_1,54,3,3,0.002704,1.8e-05,0.000109,0.982356,0.011323,0.00349
Hospital_1,55,2,2,0.019647,3.3e-05,0.980097,8.4e-05,6.8e-05,7.1e-05
Hospital_1,56,2,2,0.021265,4e-05,0.978471,6.6e-05,7.2e-05,8.8e-05
Hospital_1,57,5,5,0.001135,0.005702,0.0,0.000242,0.013444,0.979477
Hospital_1,58,5,5,0.001104,0.019974,0.0,0.000302,0.009971,0.968648
Hospital_1,59,2,2,0.036614,1.9e-05,0.962637,0.000487,0.000165,7.7e-05
Hospital_1,60,5,5,0.001203,0.003394,0.0,0.000351,0.017211,0.977841
Hospital_1,61,2,2,0.02231,2.4e-05,0.977388,0.000128,8.8e-05,6.2e-05
Hospital_1,62,2,2,0.030166,9.2e-05,0.969342,0.000108,0.000131,0.00016
Hospital_1,63,3,3,0.006184,5.7e-05,0.000459,0.988359,0.004294,0.000646
Hospital_1,64,2,2,0.028674,1.7e-05,0.970889,0.000249,0.00011,6e-05
Hospital_1,65,2,2,0.018602,2.4e-05,0.981223,5e-05,4.7e-05,5.4e-05
Hospital_1,66,5,5,0.001328,0.005184,0.0,0.000319,0.017555,0.975614
Hospital_1,67,2,2,0.021278,2.6e-05,0.97847,9.3e-05,6.8e-05,6.4e-05
Hospital_1,68,2,2,0.034006,2.2e-05,0.965487,0.000274,0.000128,8.3e-05
Hospital_1,69,5,5,0.001162,0.003181,0.0,0.000397,0.020737,0.974523
Hospital_1,70,5,5,0.000526,0.001374,0.0,0.000711,0.023455,0.973934
Hospital_1,71,1,1,4.7e-05,0.998396,0.0,1e-06,4e-06,0.001552
Hospital_1,72,2,2,0.02768,7.9e-05,0.971903,9e-05,0.000104,0.000144
Hospital_1,73,2,2,0.028129,8e-05,0.971458,8.7e-05,0.000105,0.000142
Hospital_1,74,2,2,0.034595,2.2e-05,0.964857,0.000303,0.000137,8.5e-05
Hospital_1,75,1,1,0.000104,0.985031,0.0,4e-06,4.6e-05,0.014815
Hospital_1,76,3,3,0.002418,1.2e-05,0.000148,0.986056,0.009641,0.001725
Hospital_1,77,2,2,0.026474,9.3e-05,0.973067,0.000104,0.000113,0.000149
Hospital_1,78,2,2,0.040888,2.6e-05,0.958339,0.000445,0.000191,0.000111
Hospital_1,79,2,2,0.026067,9e-05,0.973493,9.4e-05,0.000111,0.000144
Hospital_1,80,5,5,0.001477,0.007516,0.0,0.000403,0.016127,0.974476
Hospital_1,81,2,2,0.021014,4e-05,0.978731,6.5e-05,6.9e-05,8.1e-05
Hospital_1,82,3,3,0.016549,0.003391,0.000285,0.96955,0.007659,0.002566
Hospital_1,83,3,3,0.00089,0.0001,1e-06,0.998414,0.000472,0.000123
Hospital_1,84,3,3,0.013615,0.000134,0.000451,0.970297,0.01387,0.001633
Hospital_1,85,2,2,0.025212,1.7e-05,0.974468,0.000162,8.3e-05,5.8e-05
Hospital_1,86,2,2,0.026733,0.000101,0.97281,8.8e-05,0.000111,0.000157
Hospital_1,87,5,5,0.001122,0.025806,0.0,0.000346,0.009613,0.963113
Hospital_1,88,2,2,0.027853,0.000103,0.971674,9.2e-05,0.000116,0.000162
Hospital_1,89,2,2,0.023366,3.6e-05,0.976338,9.8e-05,8.5e-05,7.6e-05
Hospital_1,90,2,2,0.022177,2.2e-05,0.977587,9.1e-05,6.5e-05,5.9e-05
Hospital_1,91,3,3,0.01057,3e-05,0.001482,0.964089,0.020218,0.003611
Hospital_1,92,5,5,0.00072,0.00385,0.0,0.000348,0.011253,0.983829
Hospital_1,93,2,2,0.022249,3.3e-05,0.977495,7.9e-05,6.8e-05,7.5e-05
Hospital_1,94,0,0,0.952306,0.003657,0.037589,0.001791,0.001337,0.003319
Hospital_1,95,2,2,0.041566,2.2e-05,0.957658,0.000491,0.000174,8.8e-05
Hospital_1,96,2,2,0.022009,5.1e-05,0.977701,7e-05,7.6e-05,9.4e-05
Hospital_1,97,2,2,0.027636,2.9e-05,0.971997,0.000156,0.000101,8.2e-05
Hospital_1,98,2,2,0.022403,4e-05,0.977297,9.9e-05,7.9e-05,8.2e-05
Hospital_1,99,3,3,0.061263,0.01956,0.001205,0.916301,0.001338,0.000333
Hospital_1,100,2,2,0.035502,0.000169,0.963772,0.000119,0.000173,0.000264
Hospital_1,101,2,2,0.028959,1.5e-05,0.970672,0.000215,8.8e-05,5e-05
Hospital_1,102,1,1,0.00014,0.98848,0.0,2e-06,3.3e-05,0.011345
Hospital_1,103,2,2,0.026343,2.1e-05,0.973369,0.000127,8e-05,6e-05
Hospital_1,104,2,2,0.02267,1.8e-05,0.977083,0.00011,6.8e-05,5e-05
Hospital_1,105,2,2,0.025834,1.8e-05,0.973859,0.000157,8e-05,5.2e-05
Hospital_1,106,3,3,0.000142,1e-06,1e-06,0.99952,0.000264,7.2e-05
Hospital_1,107,2,2,0.039632,2.3e-05,0.959685,0.000411,0.000157,9.1e-05
Hospital_1,108,3,3,0.07442,0.001483,0.021187,0.893945,0.005709,0.003257
Hospital_1,109,2,2,0.034794,0.000162,0.964525,0.000109,0.000164,0.000246
Hospital_1,110,3,3,0.006215,0.000106,0.000132,0.991734,0.001489,0.000325
Hospital_1,111,2,2,0.036381,1.8e-05,0.963032,0.000362,0.000136,7.1e-05
Hospital_1,112,2,2,0.036016,2e-05,0.963312,0.000437,0.000145,7e-05
Hospital_1,113,5,1,0.000681,0.928906,0.0,0.000146,0.000684,0.069583
Hospital_1,114,2,2,0.036425,2e-05,0.962947,0.000393,0.000142,7.3e-05
Hospital_1,115,2,2,0.027205,9.5e-05,0.972295,0.000104,0.000131,0.00017
Hospital_1,116,3,3,0.001277,7.6e-05,8e-06,0.990125,0.005614,0.002901
Hospital_1,117,3,3,0.028102,0.000386,0.001264,0.96789,0.001855,0.000503
Hospital_1,118,3,3,0.000761,1.7e-05,1.2e-05,0.998651,0.000447,0.000113
Hospital_1,119,3,3,0.008814,0.000553,0.000111,0.987923,0.001923,0.000676
Hospital_1,120,2,2,0.036044,2.4e-05,0.963264,0.000399,0.000171,9.8e-05
Hospital_1,121,5,5,0.000839,0.002759,0.0,0.0002,0.006504,0.989698
Hospital_1,122,1,1,0.000115,0.966999,0.0,1e-05,0.000167,0.032708
Hospital_1,123,2,2,0.035519,0.00016,0.963815,0.000112,0.000158,0.000237
Hospital_1,124,3,3,0.005307,4.1e-05,0.000386,0.988949,0.004706,0.000611
Hospital_1,125,0,0,0.947299,0.004307,0.041953,0.001482,0.001395,0.003563
Hospital_1,126,3,3,0.004243,4.1e-05,0.000342,0.949272,0.041176,0.004924
Hospital_1,127,3,3,0.005284,7.4e-05,0.001824,0.991794,0.000873,0.00015
Hospital_1,128,2,2,0.033421,2e-05,0.965972,0.000363,0.000148,7.6e-05
Hospital_1,129,5,5,0.008943,0.100173,0.0,0.00232,0.022517,0.866046
Hospital_1,130,2,2,0.023962,1.9e-05,0.975792,0.000113,6.7e-05,4.8e-05
Hospital_1,131,2,2,0.027801,2e-05,0.971785,0.000215,0.000107,7.1e-05
Hospital_1,132,5,5,0.000733,0.001816,0.0,0.000594,0.01962,0.977236
Hospital_1,133,5,5,0.005138,0.034463,0.0,0.002764,0.03631,0.921325
Hospital_1,134,2,2,0.025583,2.2e-05,0.974107,0.000138,8.3e-05,6.6e-05
Hospital_1,135,2,2,0.022198,2.2e-05,0.977532,0.000111,7.7e-05,5.9e-05
Hospital_1,136,2,2,0.027643,2.1e-05,0.972015,0.00017,9.2e-05,6e-05
Hospital_1,137,5,1,0.000628,0.932819,0.0,0.000134,0.000635,0.065785
Hospital_1,138,2,2,0.03598,0.000174,0.963275,0.000123,0.000181,0.000267
Hospital_1,139,5,5,0.000576,0.002742,0.0,0.000225,0.007984,0.988473
Hospital_1,140,2,2,0.023018,2.9e-05,0.976705,0.000107,7.7e-05,6.4e-05
Hospital_1,141,2,2,0.033503,0.000146,0.965865,0.000111,0.000152,0.000224
Hospital_1,142,5,5,0.000674,0.003141,0.0,0.000547,0.021819,0.97382
Hospital_1,143,5,5,0.000508,0.003289,0.0,0.000946,0.060686,0.934571
Hospital_1,144,2,2,0.02715,8.2e-05,0.97236,0.000112,0.000136,0.000159
Hospital_1,145,2,2,0.028351,8.5e-05,0.971194,0.000103,0.000119,0.000149
Hospital_1,146,3,3,0.016563,7.5e-05,0.011086,0.967392,0.004359,0.000525
Hospital_1,147,3,3,7.5e-05,5e-06,0.0,0.998766,0.000964,0.000191
Hospital_1,148,5,5,0.004231,0.006769,0.0,0.000985,0.015942,0.972073
Hospital_1,149,3,3,0.013521,0.000119,0.005302,0.965725,0.01353,0.001803
Hospital_1,150,3,3,0.044402,0.000661,0.00134,0.89422,0.040645,0.018732
Hospital_1,151,5,5,0.003007,0.015845,0.0,0.000667,0.012193,0.968287
Hospital_1,152,3,3,0.001185,5.7e-05,1e-06,0.987575,0.008513,0.00267
Hospital_1,153,2,2,0.023459,3.8e-05,0.976241,9.5e-05,8e-05,8.7e-05
Hospital_1,154,2,2,0.036398,2.2e-05,0.96298,0.000368,0.000146,8.7e-05
Hospital_1,155,2,2,0.02516,3.8e-05,0.974525,0.000108,8.8e-05,8.1e-05
Hospital_1,156,2,2,0.036182,0.000187,0.963002,0.000137,0.0002,0.000293
Hospital_1,157,5,5,0.001416,0.005225,0.0,0.000294,0.010031,0.983033
Hospital_1,158,2,2,0.041392,2.7e-05,0.957796,0.000477,0.000196,0.000112
Hospital_1,159,2,2,0.023714,3.9e-05,0.975937,0.000118,0.000102,9.1e-05
Hospital_1,160,2,2,0.026171,2.3e-05,0.97355,0.000116,7.5e-05,6.5e-05
Hospital_1,161,5,5,0.001128,0.002363,0.0,0.000409,0.009452,0.986648
Hospital_1,162,1,1,0.00031,0.996724,0.0,1e-06,1.8e-05,0.002947
Hospital_1,163,5,5,0.003104,0.020151,0.0,0.001851,0.025557,0.949336
Hospital_1,164,2,2,0.028476,2.1e-05,0.971108,0.00022,0.000108,6.6e-05
Hospital_1,165,2,2,0.025664,8.7e-05,0.973895,0.0001,0.000109,0.000145
Hospital_1,166,2,2,0.020235,2.1e-05,0.979591,5.9e-05,4.9e-05,4.5e-05
Hospital_1,167,1,1,3.8e-05,0.999128,0.0,1e-06,2e-06,0.000831
Hospital_1,168,2,2,0.038664,2.6e-05,0.96063,0.000407,0.000172,0.000101
Hospital_1,169,3,3,0.00666,0.000176,0.000502,0.989893,0.002079,0.000691
Hospital_1,170,5,5,0.001342,0.00344,0.0,0.001275,0.047625,0.946318
Hospital_1,171,2,2,0.030138,1.4e-05,0.969493,0.000217,8.9e-05,4.9e-05
Hospital_1,172,2,2,0.024728,2.3e-05,0.974949,0.000154,8.6e-05,5.9e-05
Hospital_1,173,3,3,0.002961,5e-05,1.4e-05,0.981114,0.011075,0.004786
Hospital_1,174,5,5,0.000415,0.000832,0.0,0.000276,0.013201,0.985276
Hospital_1,175,2,2,0.028451,1.7e-05,0.971183,0.00021,8.8e-05,5.1e-05
Hospital_1,176,3,3,0.001104,4e-05,2.8e-05,0.998536,0.000223,7e-05
Hospital_1,177,3,3,0.010041,0.000605,0.000111,0.987654,0.00125,0.000339
Hospital_1,178,1,1,8.3e-05,0.971309,0.0,2.2e-05,0.000108,0.028479
Hospital_1,179,2,2,0.024655,1.7e-05,0.975038,0.000155,7.9e-05,5.6e-05
Hospital_1,180,3,3,0.001568,8.6e-05,3.1e-05,0.997324,0.000685,0.000306
Hospital_1,181,3,3,0.000892,1.5e-05,5e-06,0.995697,0.002779,0.000613
Hospital_1,182,5,5,0.001128,0.022578,0.0,0.001291,0.055306,0.919697
Hospital_1,183,2,2,0.02402,7.4e-05,0.975605,8.8e-05,9.4e-05,0.000119
Hospital_1,184,2,2,0.025336,1.8e-05,0.974371,0.000148,7.7e-05,5e-05
Hospital_1,185,2,2,0.033411,0.00016,0.965898,0.000126,0.000166,0.00024
Hospital_1,186,2,2,0.042798,2.7e-05,0.956317,0.000523,0.000213,0.000121
Hospital_1,187,5,5,0.002069,0.002502,0.0,0.001545,0.047456,0.946427
Hospital_1,188,3,3,0.031925,0.00298,0.000173,0.942384,0.017813,0.004726
Hospital_1,189,2,2,0.029102,1.9e-05,0.970463,0.000243,0.000112,6.2e-05
Hospital_1,190,5,5,0.004402,0.128176,0.0,0.000784,0.016287,0.850351
Hospital_1,191,3,3,0.000646,8e-06,1.2e-05,0.994366,0.003983,0.000985
Hospital_1,192,5,5,0.002577,0.054791,0.0,0.000433,0.006906,0.935293
Hospital_1,193,2,2,0.039265,2.2e-05,0.959902,0.00053,0.00019,9.1e-05
Hospital_1,194,3,3,0.008274,0.000176,0.000388,0.989983,0.000907,0.000272
Hospital_1,195,2,2,0.025197,2.9e-05,0.974527,0.000101,7.8e-05,6.8e-05
Hospital_1,196,2,2,0.021321,3e-05,0.978486,5.1e-05,5.2e-05,5.9e-05
Hospital_1,197,2,2,0.027611,9.2e-05,0.971818,0.000134,0.000155,0.000191
Hospital_1,198,2,2,0.028953,1.8e-05,0.970624,0.000231,0.000107,6.8e-05
Hospital_1,199,2,2,0.020284,3.9e-05,0.979445,7.6e-05,7.4e-05,8.2e-05
Hospital_1,200,2,2,0.027002,7.4e-05,0.972606,8.7e-05,0.0001,0.000131
Hospital_1,201,5,5,0.005813,0.048562,0.0,0.003131,0.043746,0.898749
Hospital_1,202,2,2,0.033393,2e-05,0.966075,0.000312,0.000129,7.1e-05
Hospital_1,203,2,2,0.033346,1.6e-05,0.966212,0.00026,0.000106,6e-05
Hospital_1,204,5,5,0.001387,0.004853,0.0,0.000161,0.01359,0.980008
Hospital_1,205,5,5,0.002882,0.01864,0.0,0.000524,0.007237,0.970717
Hospital_1,206,3,3,0.035288,0.000584,0.000981,0.95993,0.002636,0.000581
Hospital_1,207,2,2,0.021435,3.5e-05,0.978279,0.000101,8e-05,7.1e-05
Hospital_1,208,2,2,0.038329,2.1e-05,0.961016,0.000401,0.000154,7.8e-05
Hospital_1,209,2,2,0.035933,0.000165,0.963366,0.000118,0.000169,0.00025
Hospital_1,210,2,2,0.024464,7.3e-05,0.975129,9.6e-05,0.000107,0.000132
Hospital_1,211,3,3,0.002093,6.2e-05,3e-06,0.956333,0.02353,0.01798
Hospital_1,212,3,3,0.020651,0.001296,0.00012,0.964223,0.009796,0.003914
Hospital_1,213,3,3,0.003235,6.5e-05,6.1e-05,0.994524,0.001593,0.000522
Hospital_1,214,2,2,0.034942,0.000147,0.964443,0.000103,0.000145,0.000221
Hospital_1,215,3,3,0.190109,0.002811,0.029597,0.766004,0.00912,0.002359
Hospital_1,216,5,1,0.000475,0.942847,0.0,8.9e-05,0.000551,0.056038
Hospital_1,217,3,3,0.00098,1.3e-05,1e-05,0.997945,0.000779,0.000274
Hospital_1,218,2,2,0.03998,2.8e-05,0.959233,0.000453,0.000194,0.000112
Hospital_1,219,2,2,0.038795,2.5e-05,0.960461,0.000429,0.000183,0.000106
Hospital_1,220,2,2,0.020455,3.5e-05,0.979305,7.2e-05,6.6e-05,6.7e-05
Hospital_1,221,2,2,0.037391,1.9e-05,0.961945,0.000432,0.000142,7.1e-05
Hospital_1,222,2,2,0.039528,2.4e-05,0.959724,0.000452,0.000173,9.9e-05
Hospital_1,223,3,3,0.032423,0.000125,0.030587,0.921688,0.013298,0.001879
Hospital_1,224,5,5,0.000872,0.00151,0.0,0.00033,0.011984,0.985304
Hospital_1,225,3,3,0.014448,0.000573,0.000179,0.982638,0.001722,0.000439
Hospital_1,226,5,5,0.002613,0.042346,0.0,0.000242,0.010113,0.944686
Hospital_1,227,2,2,0.025664,8.8e-05,0.973904,9.5e-05,0.000106,0.000143
Hospital_1,228,3,3,0.004247,0.000139,6.1e-05,0.954197,0.032307,0.00905
Hospital_1,229,2,2,0.026846,3.6e-05,0.972858,0.0001,8.3e-05,7.7e-05
Hospital_1,230,3,3,0.0121,5e-05,0.005363,0.979228,0.002713,0.000546
Hospital_1,231,3,3,0.18715,0.016489,0.002394,0.733505,0.045551,0.01491
Hospital_1,232,5,5,0.003332,0.009707,0.0,0.000655,0.006672,0.979634
Hospital_1,233,3,3,0.048859,0.00146,0.000223,0.897864,0.037005,0.01459
Hospital_1,234,3,3,0.031497,0.002041,0.002069,0.946146,0.011085,0.007163
Hospital_1,235,5,5,0.001035,0.009962,0.0,0.00129,0.02189,0.965823
Hospital_1,236,2,2,0.03083,1.5e-05,0.968763,0.000236,0.0001,5.6e-05
Hospital_1,237,3,3,0.002221,0.000104,1.8e-05,0.997038,0.000444,0.000175
Hospital_1,238,3,3,0.009872,0.000239,0.000203,0.92589,0.044892,0.018904
Hospital_1,239,0,0,0.933172,0.001909,0.041977,0.005221,0.006507,0.011215
Hospital_1,240,2,2,0.028567,7.5e-05,0.971026,9.2e-05,0.000107,0.000133
Hospital_1,241,5,5,0.001197,0.004345,0.0,0.000412,0.016,0.978046
Hospital_1,242,2,2,0.028289,8.9e-05,0.971254,9.6e-05,0.000115,0.000158
Hospital_1,243,2,2,0.026143,1.5e-05,0.973513,0.000207,7.9e-05,4.4e-05
Hospital_1,244,2,2,0.024259,5.4e-05,0.975415,8.2e-05,8.9e-05,0.000101
Hospital_1,245,5,5,0.001362,0.006745,0.0,0.000269,0.006112,0.985512
Hospital_1,246,3,3,0.005292,6.9e-05,6.1e-05,0.97144,0.017922,0.005217
Hospital_1,247,0,0,0.929534,0.00302,0.054916,0.002961,0.00312,0.006449
Hospital_1,248,1,1,5.3e-05,0.997746,0.0,2e-06,1.4e-05,0.002185
Hospital_1,249,3,3,0.000253,7e-06,1e-06,0.999567,0.000135,3.7e-05
Hospital_1,250,2,2,0.023103,2.6e-05,0.976603,0.000116,8.1e-05,7.1e-05
Hospital_1,251,3,3,0.005624,2.7e-05,0.001395,0.971535,0.018353,0.003066
Hospital_1,252,5,5,0.001314,0.039022,0.0,0.001316,0.050698,0.90765
Hospital_1,253,3,3,0.019599,0.000496,0.00028,0.904589,0.050716,0.024319
Hospital_1,254,3,3,0.01539,0.001019,0.0007,0.977287,0.004147,0.001458
Hospital_1,255,2,2,0.025981,3.6e-05,0.973706,0.000112,8.8e-05,7.7e-05
Hospital_1,256,2,2,0.026565,1.8e-05,0.973054,0.000204,9.5e-05,6.3e-05
Hospital_1,257,2,2,0.024439,5.2e-05,0.975233,8.4e-05,9.1e-05,0.000101
Hospital_1,258,2,2,0.036373,0.000189,0.962827,0.000134,0.000194,0.000283
Hospital_1,259,2,2,0.033419,2.3e-05,0.965964,0.000354,0.000153,8.7e-05
Hospital_1,260,2,2,0.024763,7.4e-05,0.974864,8.8e-05,9.4e-05,0.000118
Hospital_1,261,3,3,0.003747,0.000181,2e-05,0.995605,0.000342,0.000104
Hospital_1,262,2,2,0.034884,0.000161,0.964407,0.000134,0.000171,0.000242
Hospital_1,263,2,2,0.034515,0.000153,0.964839,0.000111,0.000153,0.00023
Hospital_1,264,2,2,0.040401,2.4e-05,0.958868,0.000436,0.000172,9.7e-05
Hospital_1,265,2,2,0.033612,0.000161,0.965698,0.00012,0.000166,0.000243
Hospital_1,266,5,5,0.001068,0.005137,0.0,0.000565,0.021372,0.971857
Hospital_1,267,5,5,0.000859,0.003945,0.0,0.000462,0.024825,0.969909
Hospital_1,268,2,2,0.027346,9.8e-05,0.972227,8.2e-05,0.000101,0.000146
Hospital_1,269,5,5,0.000989,0.035717,0.0,0.000391,0.013845,0.949058
Hospital_1,270,2,2,0.024752,8.1e-05,0.974836,9.7e-05,0.000103,0.00013
Hospital_1,271,2,2,0.022621,3.8e-05,0.977098,8.2e-05,7.7e-05,8.4e-05
Hospital_1,272,2,2,0.025028,1.4e-05,0.974717,0.000131,6.7e-05,4.3e-05
Hospital_1,273,3,3,0.004045,0.000121,0.000114,0.995155,0.000424,0.00014
Hospital_1,274,2,2,0.026905,8.5e-05,0.972606,0.000117,0.000134,0.000154
Hospital_1,275,3,3,0.054523,0.000459,0.003132,0.876261,0.050059,0.015566
Hospital_1,276,3,3,0.001942,1.1e-05,2.8e-05,0.992347,0.004875,0.000797
Hospital_1,277,0,0,0.921769,0.008435,0.046319,0.00119,0.005176,0.017112
Hospital_1,278,3,3,0.000659,8e-06,3e-06,0.997684,0.001298,0.000349
Hospital_1,279,3,3,0.000405,1.4e-05,1e-06,0.999064,0.000407,0.000109
Hospital_1,280,2,2,0.026515,2.3e-05,0.973099,0.00019,0.000101,7.3e-05
Hospital_1,281,1,1,4.1e-05,0.993481,0.0,2e-06,1.9e-05,0.006457
Hospital_1,282,2,2,0.03087,9e-05,0.968652,0.000104,0.000127,0.000156
Hospital_1,283,5,5,0.001332,0.011128,0.0,0.000951,0.025845,0.960743
Hospital_1,284,1,1,5.7e-05,0.992237,0.0,3e-06,4.3e-05,0.007659
Hospital_1,285,5,5,0.001289,0.012441,0.0,0.000388,0.017665,0.968217
Hospital_1,286,2,2,0.023286,2.4e-05,0.976442,9.8e-05,7.8e-05,7.1e-05
Hospital_1,287,3,3,0.002733,0.000125,9e-06,0.935704,0.048791,0.012637
Hospital_1,288,2,2,0.03479,0.000173,0.964452,0.000131,0.000185,0.00027
Hospital_1,289,5,5,0.001124,0.004183,0.0,0.000424,0.012486,0.981783
Hospital_1,290,2,2,0.023448,2.1e-05,0.976293,0.000114,7e-05,5.3e-05
Hospital_1,291,2,2,0.03282,2.1e-05,0.96674,0.000227,0.000115,7.8e-05
Hospital_1,292,2,2,0.020675,3.6e-05,0.979066,7.7e-05,6.8e-05,7.8e-05
Hospital_1,293,3,3,0.002551,2.6e-05,0.00015,0.985987,0.009748,0.001538
Hospital_1,294,2,2,0.022405,3.2e-05,0.977289,0.000106,8.5e-05,8.2e-05
Hospital_1,295,3,3,0.011445,4.5e-05,0.001843,0.956989,0.025901,0.003777
Hospital_1,296,2,2,0.026951,6.6e-05,0.972681,8.7e-05,9.9e-05,0.000117
Hospital_1,297,2,2,0.02647,1.8e-05,0.973126,0.000217,0.000102,6.6e-05
Hospital_1,298,2,2,0.027315,9e-05,0.972215,0.000109,0.000118,0.000154
Hospital_1,299,2,2,0.026816,7.6e-05,0.972766,0.0001,0.000109,0.000133
Hospital_1,300,5,5,0.001415,0.016681,0.0,0.002215,0.03911,0.94058
Hospital_1,301,2,2,0.031127,1.9e-05,0.968431,0.000243,0.000109,7.2e-05
Hospital_1,302,3,3,0.027738,0.002667,0.000313,0.960408,0.006543,0.002331
Hospital_1,303,2,2,0.035784,0.000185,0.963412,0.000138,0.000199,0.000283
Hospital_1,304,2,2,0.025228,1.9e-05,0.974462,0.00016,8e-05,5.1e-05
Hospital_1,305,5,5,0.001504,0.100721,0.0,0.000762,0.014974,0.882039
Hospital_1,306,5,5,0.003907,0.016871,0.0,0.000918,0.012813,0.96549
Hospital_1,307,3,3,0.01156,0.000134,0.000153,0.973017,0.012796,0.00234
Hospital_1,308,2,2,0.020705,2e-05,0.979073,9.3e-05,6.2e-05,4.7e-05
Hospital_1,309,2,2,0.025089,1.5e-05,0.974619,0.000151,7.4e-05,5.2e-05
Hospital_1,310,5,5,0.001032,0.024524,0.0,0.000367,0.006092,0.967986
Hospital_1,311,5,5,0.000806,0.018438,0.0,0.001101,0.054434,0.92522
Hospital_1,312,1,1,3.8e-05,0.999188,0.0,0.0,1e-06,0.000773
Hospital_1,313,3,3,0.001342,1.5e-05,3.1e-05,0.993601,0.004359,0.000653
Hospital_1,314,2,2,0.021699,1.9e-05,0.978052,0.000115,6.6e-05,4.8e-05
Hospital_1,315,2,2,0.026215,2.3e-05,0.973473,0.000146,8.5e-05,5.9e-05
Hospital_1,316,2,2,0.02233,3.4e-05,0.977405,8.6e-05,7.5e-05,7.1e-05
Hospital_1,317,2,2,0.022775,3.3e-05,0.976848,0.000137,0.000109,9.8e-05
Hospital_1,318,5,5,0.001249,0.003142,0.0,0.000482,0.011331,0.983797
Hospital_1,319,3,3,0.00051,3e-06,4e-06,0.998714,0.000607,0.000161
Hospital_1,320,2,2,0.021755,1.5e-05,0.978025,0.000101,5.8e-05,4.6e-05
Hospital_1,321,5,5,0.001294,0.015241,0.0,0.000344,0.009692,0.973429
Hospital_1,322,2,2,0.024851,7.6e-05,0.974767,8.8e-05,9.6e-05,0.000122
Hospital_1,323,2,2,0.026678,9.7e-05,0.972869,9e-05,0.000112,0.000154
Hospital_1,324,2,2,0.037359,2.4e-05,0.962078,0.000311,0.000138,9e-05
Hospital_1,325,2,2,0.035882,0.000162,0.963427,0.000115,0.000164,0.000249
Hospital_1,326,5,5,0.000939,0.004319,0.0,0.001422,0.02171,0.97161
Hospital_1,327,2,2,0.024358,6.1e-05,0.975301,7.8e-05,8.8e-05,0.000113
Hospital_1,328,3,3,0.007607,6.1e-05,0.000257,0.988165,0.00284,0.001071
Hospital_1,329,3,3,0.001729,2e-05,2.4e-05,0.996067,0.00182,0.00034
Hospital_1,330,2,2,0.025929,7.1e-05,0.973688,8.4e-05,9.9e-05,0.00013
Hospital_1,331,3,3,0.001742,5.5e-05,6e-06,0.911226,0.063846,0.023125
Hospital_1,332,5,5,0.00048,0.002851,0.0,0.000213,0.017207,0.97925
Hospital_1,333,2,2,0.022377,3.5e-05,0.977346,9.3e-05,7.7e-05,7.2e-05
Hospital_1,334,5,1,0.000591,0.93353,0.0,0.000123,0.000611,0.065145
Hospital_1,335,2,2,0.033671,1.8e-05,0.965816,0.000298,0.000123,7.4e-05
Hospital_1,336,2,2,0.021082,3.3e-05,0.978641,8.7e-05,7.6e-05,8e-05
Hospital_1,337,3,3,0.00648,0.004466,6e-06,0.982193,0.00543,0.001425
Hospital_1,338,2,2,0.026099,1.7e-05,0.973615,0.000148,7.3e-05,4.9e-05
Hospital_1,339,2,2,0.02858,1.6e-05,0.970982,0.000262,0.000104,5.6e-05
Hospital_1,340,2,2,0.025719,6.9e-05,0.97392,8.1e-05,9.1e-05,0.000122
Hospital_1,341,3,3,0.000782,5.5e-05,0.0,0.991417,0.005379,0.002367
Hospital_1,342,3,3,0.006722,0.000492,5.9e-05,0.992245,0.000393,8.9e-05
Hospital_1,343,2,2,0.035545,0.000166,0.963757,0.000116,0.000167,0.000249
Hospital_1,344,5,5,0.001347,0.033979,0.0,0.000238,0.00995,0.954487
Hospital_1,345,5,5,0.002436,0.005534,0.0,0.001812,0.033399,0.95682
Hospital_1,346,5,5,0.000731,0.007447,0.0,0.000767,0.036003,0.955052
Hospital_1,347,2,2,0.019186,3.2e-05,0.980577,6.8e-05,6.6e-05,7.2e-05
Hospital_1,348,2,2,0.042245,2.7e-05,0.956947,0.000468,0.000199,0.000115
Hospital_1,349,3,3,0.005166,0.00013,7e-05,0.993873,0.000635,0.000126
Hospital_1,350,3,3,0.001532,4.9e-05,2.4e-05,0.998067,0.000232,9.8e-05
Hospital_1,351,2,2,0.021711,2.3e-05,0.978044,9.4e-05,6.7e-05,6e-05
Hospital_1,352,3,3,0.000515,4e-06,4e-06,0.998978,0.00042,8e-05
Hospital_1,353,2,2,0.03283,0.000122,0.966612,0.0001,0.000137,0.000199
Hospital_1,354,2,2,0.035466,2.3e-05,0.963883,0.000392,0.00015,8.7e-05
Hospital_1,355,1,1,4e-05,0.995291,0.0,2e-06,2.4e-05,0.004643
Hospital_1,356,2,2,0.026028,2.7e-05,0.97365,0.000134,8.6e-05,7.5e-05
Hospital_1,357,5,5,0.002228,0.005952,0.0,0.000377,0.011992,0.97945
Hospital_1,358,2,2,0.020602,3.7e-05,0.97916,6.4e-05,6.6e-05,7.1e-05
Hospital_1,359,5,5,0.000894,0.003265,0.0,0.000523,0.014627,0.980691
Hospital_1,360,2,2,0.027935,1.5e-05,0.971621,0.000264,0.000108,5.7e-05
Hospital_1,361,5,5,0.002045,0.00508,0.0,0.000675,0.0139,0.9783
Hospital_1,362,3,3,0.071449,0.000281,0.010191,0.837519,0.063127,0.017433
Hospital_1,363,3,3,0.003534,8e-06,0.000586,0.990994,0.004462,0.000416
Hospital_1,364,3,3,0.081552,0.002745,0.004458,0.902956,0.006205,0.002083
Hospital_1,365,2,2,0.041285,2.6e-05,0.957925,0.000461,0.000193,0.00011
Hospital_1,366,3,3,0.103423,0.000671,0.012977,0.874669,0.006698,0.001562
Hospital_1,367,5,5,0.001955,0.002788,0.0,0.000548,0.017357,0.977353
Hospital_1,368,5,5,0.000623,0.003122,0.0,0.000468,0.018033,0.977754
Hospital_1,369,3,3,0.001268,2.9e-05,4e-06,0.997886,0.000619,0.000194
Hospital_1,370,2,2,0.024046,2.3e-05,0.975635,0.000141,8.7e-05,6.9e-05
Hospital_1,371,2,2,0.019167,3.5e-05,0.980614,5.7e-05,5.7e-05,6.9e-05
Hospital_1,372,5,5,0.001268,0.008362,0.0,0.000288,0.013437,0.976645
Hospital_1,373,2,2,0.025696,3.6e-05,0.974005,0.000102,8.4e-05,7.7e-05
Hospital_1,374,2,2,0.029279,9.2e-05,0.970239,0.000101,0.000124,0.000165
Hospital_1,375,2,2,0.030824,1.9e-05,0.968735,0.000245,0.000108,7e-05
Hospital_1,376,2,2,0.030144,1.7e-05,0.969413,0.00026,0.000107,6e-05
Hospital_1,377,1,1,9.1e-05,0.992273,0.0,5e-06,5.4e-05,0.007577
Hospital_1,378,2,2,0.039953,2.6e-05,0.959298,0.000446,0.000177,0.0001
Hospital_1,379,3,3,0.033915,0.000352,0.002977,0.94532,0.014257,0.003178
Hospital_1,380,3,3,0.019221,0.000473,0.000548,0.976892,0.002222,0.000643
Hospital_1,381,5,5,0.001161,0.006282,0.0,0.000327,0.014785,0.977445
Hospital_1,382,2,2,0.025788,1.5e-05,0.973883,0.000179,8.5e-05,5e-05
Hospital_1,383,2,2,0.019999,1.8e-05,0.979803,7.6e-05,5.4e-05,4.9e-05
Hospital_1,384,3,3,0.027282,0.000767,0.00388,0.965649,0.001854,0.000568
Hospital_1,385,3,3,0.012307,0.00073,0.000123,0.954648,0.025206,0.006986
Hospital_1,386,2,2,0.026874,2.5e-05,0.972785,0.000156,9.4e-05,6.7e-05
Hospital_1,387,2,2,0.031045,1.7e-05,0.96848,0.000276,0.000118,6.4e-05
Hospital_1,388,2,2,0.027576,1.6e-05,0.972049,0.00021,9.6e-05,5.4e-05
Hospital_1,389,2,2,0.021994,2.3e-05,0.977771,9.4e-05,6.5e-05,5.3e-05
Hospital_1,390,0,0,0.950969,0.00482,0.034875,0.001269,0.001934,0.006133
Hospital_1,391,2,2,0.020384,1.5e-05,0.97942,7.8e-05,5.5e-05,4.7e-05
Hospital_1,392,5,1,0.000648,0.939957,0.0,9.5e-05,0.000583,0.058717
Hospital_1,393,2,2,0.026467,2.1e-05,0.973219,0.000138,8.5e-05,7e-05
Hospital_1,394,3,3,0.040426,0.002142,0.002031,0.948045,0.005735,0.001622
Hospital_1,395,5,5,0.000954,0.005228,0.0,0.000297,0.013217,0.980304
Hospital_1,396,2,2,0.040827,2.4e-05,0.958478,0.000408,0.000165,9.9e-05
Hospital_1,397,2,2,0.020825,2.5e-05,0.978915,0.0001,7.1e-05,6.4e-05
Hospital_1,398,3,3,0.003546,6.7e-05,0.000132,0.995206,0.000791,0.000257
Hospital_1,399,2,2,0.022298,2.1e-05,0.97744,0.000117,7.1e-05,5.3e-05
Hospital_1,400,2,2,0.022035,3e-05,0.977676,0.000103,8e-05,7.5e-05
Hospital_1,401,1,1,0.000213,0.992613,0.0,1e-06,1.9e-05,0.007153
Hospital_1,402,2,2,0.019731,2.2e-05,0.980057,7.8e-05,5.8e-05,5.5e-05
Hospital_1,403,2,2,0.020748,2.3e-05,0.979012,9e-05,6.6e-05,6.1e-05
Hospital_1,404,2,2,0.024952,2.9e-05,0.974688,0.000141,0.000105,8.6e-05
Hospital_1,405,2,2,0.032114,0.00015,0.967239,0.00012,0.000155,0.000222
Hospital_1,406,3,3,0.001015,9e-06,1.5e-05,0.996984,0.00163,0.000347
Hospital_1,407,0,0,0.918414,0.014382,0.051213,0.001072,0.003327,0.011594
Hospital_1,408,2,2,0.025629,6.8e-05,0.974012,8.1e-05,9.2e-05,0.000118
Hospital_1,409,2,2,0.034474,0.000163,0.964828,0.000126,0.000168,0.000242
Hospital_1,410,1,1,5.4e-05,0.997433,0.0,1e-06,1.2e-05,0.0025
Hospital_1,411,2,2,0.027174,8.2e-05,0.972401,9.7e-05,0.000109,0.000136
Hospital_1,412,1,1,5.7e-05,0.994244,0.0,3e-06,3e-05,0.005666
Hospital_1,413,3,3,0.014769,0.000139,0.007937,0.966513,0.009165,0.001477
Hospital_1,414,5,5,0.000693,0.00632,0.0,0.000303,0.01621,0.976474
Hospital_1,415,2,2,0.020607,2.3e-05,0.979172,8.1e-05,6.1e-05,5.7e-05
Hospital_1,416,2,2,0.030467,0.000116,0.969028,9.1e-05,0.00012,0.000177
Hospital_1,417,5,5,0.004626,0.030726,0.0,0.000977,0.009185,0.954485
Hospital_1,418,3,3,0.006458,4.8e-05,0.00012,0.972958,0.014015,0.006401
Hospital_1,419,3,3,0.000177,4e-06,0.0,0.995961,0.002954,0.000904
Hospital_1,420,3,3,0.002375,4.7e-05,0.000116,0.996876,0.000458,0.000128
Hospital_1,421,3,3,0.001754,7.4e-05,2e-06,0.870514,0.094164,0.033492
Hospital_1,422,2,2,0.023675,4.2e-05,0.976059,6.6e-05,7.3e-05,8.5e-05
Hospital_1,423,2,2,0.027719,8.9e-05,0.971792,0.000121,0.000129,0.00015
Hospital_1,424,2,2,0.030672,1.7e-05,0.968863,0.000272,0.000115,6.1e-05
Hospital_1,425,2,2,0.029433,7.8e-05,0.970169,8.4e-05,0.000103,0.000132
Hospital_1,426,2,2,0.034004,1.8e-05,0.965519,0.000284,0.000113,6.3e-05
Hospital_1,427,2,2,0.025246,6.2e-05,0.97442,7.5e-05,8.4e-05,0.000114
Hospital_1,428,1,1,0.000156,0.998434,0.0,0.0,5e-06,0.001405
Hospital_1,429,3,3,0.00121,8.9e-05,8e-06,0.998303,0.000289,0.000102
Hospital_1,430,1,1,9.8e-05,0.979408,0.0,1.3e-05,0.000106,0.020376
Hospital_1,431,3,3,0.001648,3.6e-05,5.4e-05,0.997503,0.000586,0.000173
Hospital_1,432,3,3,0.003531,0.000116,4.2e-05,0.993939,0.001592,0.00078
Hospital_1,433,2,2,0.040107,2.5e-05,0.959137,0.000451,0.000178,0.000103
Hospital_1,434,1,1,8.1e-05,0.986039,0.0,4e-06,4.7e-05,0.013829
Hospital_1,435,3,3,0.000301,6e-06,1e-06,0.994816,0.003957,0.000918
Hospital_1,436,3,3,0.06125,0.00021,0.065104,0.867082,0.005615,0.000738
Hospital_1,437,3,3,0.01695,0.001216,0.000419,0.97458,0.004281,0.002554
Hospital_1,438,5,5,0.001091,0.008852,0.0,0.000385,0.008291,0.981381
Hospital_1,439,2,2,0.02774,1.9e-05,0.971858,0.000207,0.000106,7e-05
Hospital_1,440,3,3,0.010763,9.5e-05,0.002404,0.963414,0.020104,0.00322
Hospital_1,441,3,3,0.027652,0.000773,0.000747,0.965916,0.003794,0.001119
Hospital_1,442,5,5,0.001149,0.010506,0.0,9e-05,0.012889,0.975366
Hospital_1,443,5,5,0.004915,0.027269,0.0,0.00102,0.014873,0.951923
Hospital_1,444,5,5,0.002614,0.034788,0.0,0.000689,0.011247,0.950662
Hospital_1,445,2,2,0.033479,0.000152,0.965822,0.000128,0.000173,0.000246
Hospital_1,446,2,2,0.032255,0.000118,0.967218,9.2e-05,0.000127,0.000189
Hospital_1,447,3,3,0.021579,0.000339,0.00334,0.972246,0.002103,0.000393
Hospital_1,448,2,2,0.037572,0.000187,0.961628,0.000143,0.000194,0.000276
Hospital_1,449,5,5,0.001338,0.007734,0.0,0.000224,0.005303,0.985402
Hospital_1,450,3,3,0.000735,1.3e-05,8e-06,0.997854,0.001064,0.000327
Hospital_1,451,2,2,0.025765,6.9e-05,0.973853,8.6e-05,0.0001,0.000128
Hospital_1,452,3,3,0.001129,1.2e-05,1.7e-05,0.993042,0.004113,0.001687
Hospital_1,453,2,2,0.029791,8.6e-05,0.969763,9.1e-05,0.000114,0.000155
Hospital_1,454,2,2,0.02374,2.6e-05,0.975961,0.00012,8.7e-05,6.6e-05
Hospital_1,455,5,1,0.000733,0.937622,0.0,0.000111,0.000555,0.060979
Hospital_1,456,3,3,0.008849,0.000186,0.000476,0.976558,0.00975,0.004182
Hospital_1,457,2,2,0.023662,1.1e-05,0.976101,0.000126,6e-05,4.1e-05
Hospital_1,458,3,3,0.004711,0.000425,2.1e-05,0.993225,0.001216,0.000402
Hospital_1,459,2,2,0.033649,0.000148,0.965744,0.000103,0.00014,0.000217
Hospital_1,460,3,3,0.238766,0.007753,0.006236,0.678016,0.043438,0.025791
Hospital_1,461,2,2,0.021895,2.9e-05,0.977834,9.8e-05,7.4e-05,7.1e-05
Hospital_1,462,2,2,0.040374,2.3e-05,0.958822,0.000501,0.000187,9.3e-05
Hospital_1,463,3,3,0.00382,0.000265,0.000136,0.994735,0.000716,0.000328
Hospital_1,464,3,3,0.012569,0.004498,7e-05,0.981606,0.001022,0.000234
Hospital_1,465,3,3,0.144429,0.001289,0.013702,0.829214,0.008473,0.002895
Hospital_1,466,2,2,0.026548,1.8e-05,0.973128,0.000166,8.5e-05,5.5e-05
Hospital_1,467,3,3,0.001742,1.7e-05,9.2e-05,0.997339,0.000666,0.000144
Hospital_1,468,2,2,0.027542,2.1e-05,0.972034,0.000214,0.000113,7.5e-05
Hospital_1,469,2,2,0.040646,2.4e-05,0.958568,0.000472,0.000185,0.000104
Hospital_1,470,5,5,0.000455,0.003731,0.0,0.000179,0.011592,0.984043
Hospital_1,471,3,0,0.568301,0.023875,0.025763,0.275339,0.079385,0.027337
Hospital_1,472,2,2,0.025913,8e-05,0.973675,9.2e-05,0.000103,0.000137
Hospital_1,473,5,5,0.002659,0.007268,0.0,0.000934,0.024703,0.964436
Hospital_1,474,2,2,0.021253,3.7e-05,0.978461,8.3e-05,8e-05,8.6e-05
Hospital_1,475,3,3,0.004412,0.00038,0.000539,0.992954,0.001286,0.000429
Hospital_1,476,2,2,0.040227,2.3e-05,0.959043,0.000438,0.000172,9.7e-05
Hospital_1,477,2,2,0.027573,1.9e-05,0.972032,0.000213,9.9e-05,6.4e-05
Hospital_1,478,2,2,0.027018,2e-05,0.97264,0.000171,9.1e-05,6e-05
Hospital_1,479,2,2,0.025187,2.3e-05,0.97448,0.000153,8.9e-05,6.9e-05
Hospital_1,480,2,2,0.023838,2.8e-05,0.975853,0.00012,8.6e-05,7.6e-05
Hospital_1,481,2,2,0.024553,6e-05,0.97511,7.9e-05,8.8e-05,0.00011
Hospital_1,482,3,3,0.000983,3.2e-05,1.4e-05,0.99835,0.000456,0.000164
Hospital_1,483,2,2,0.030634,2.2e-05,0.968866,0.00027,0.000127,8.2e-05
Hospital_1,484,2,2,0.027769,1.2e-05,0.97191,0.00019,7.7e-05,4.2e-05
Hospital_1,485,2,2,0.034748,0.00017,0.964537,0.000122,0.000171,0.000252
Hospital_1,486,2,2,0.036818,1.8e-05,0.962583,0.000371,0.000139,7.1e-05
Hospital_1,487,5,5,0.000786,0.007265,0.0,0.000474,0.02482,0.966655
Hospital_1,488,2,2,0.028139,4e-05,0.971534,0.000113,9e-05,8.4e-05
Hospital_1,489,3,3,0.007867,3.1e-05,0.003431,0.985519,0.002848,0.000305
Hospital_1,490,1,1,4.6e-05,0.996267,0.0,1e-06,1.1e-05,0.003675
Hospital_1,491,2,2,0.030146,1.9e-05,0.969409,0.000248,0.000109,6.9e-05
Hospital_1,492,2,2,0.027406,1.6e-05,0.972256,0.000183,8.6e-05,5.3e-05
Hospital_1,493,1,1,2.4e-05,0.999355,0.0,0.0,2e-06,0.000618
Hospital_1,494,2,2,0.022811,2.4e-05,0.976918,0.000109,7.8e-05,6e-05
Hospital_1,495,3,3,0.198176,0.005165,0.007112,0.780774,0.005998,0.002775
Hospital_1,496,3,3,0.018505,0.000661,3.3e-05,0.96955,0.008707,0.002544
Hospital_1,497,3,3,0.001479,6e-06,0.000118,0.988844,0.008648,0.000905
Hospital_1,498,3,3,0.01599,0.000378,0.000341,0.968255,0.010733,0.004302
Hospital_1,499,0,0,0.91445,0.010893,0.047737,0.001826,0.005997,0.019098
Hospital_1,500,2,2,0.028541,8.6e-05,0.970956,0.000121,0.000136,0.000161
Hospital_1,501,2,2,0.023903,3.6e-05,0.975775,0.000109,8.9e-05,8.8e-05
Hospital_1,502,3,3,0.000538,8e-06,6e-06,0.998979,0.000394,7.5e-05
Hospital_1,503,2,2,0.036092,0.000183,0.963127,0.000139,0.000189,0.000269
Hospital_1,504,2,2,0.019598,3.1e-05,0.980171,7.4e-05,6.4e-05,6.2e-05
Hospital_1,505,2,2,0.026412,7.3e-05,0.973209,8.1e-05,9.6e-05,0.000128
Hospital_1,506,2,2,0.020925,2.1e-05,0.978828,0.000105,6.9e-05,5.2e-05
Hospital_1,507,2,2,0.025821,2.8e-05,0.973884,0.000111,8.5e-05,7.1e-05
Hospital_1,508,5,5,0.001654,0.003035,0.0,0.000413,0.009454,0.985444
Hospital_1,509,2,2,0.034433,0.000175,0.964788,0.000137,0.000193,0.000275
Hospital_1,510,3,3,0.018207,0.000592,0.000252,0.979302,0.001317,0.00033
Hospital_1,511,3,3,0.004641,1.4e-05,0.000404,0.989863,0.004597,0.00048
Hospital_1,512,2,2,0.029484,8.9e-05,0.970044,9.9e-05,0.000121,0.000164
Hospital_1,513,3,3,0.017487,0.000117,0.002654,0.965756,0.011791,0.002194
Hospital_1,514,2,2,0.027354,1.8e-05,0.972235,0.000229,0.0001,6.4e-05
Hospital_1,515,2,2,0.028862,8.7e-05,0.970694,9.3e-05,0.000113,0.000151
Hospital_1,516,2,2,0.027783,2.2e-05,0.971875,0.000166,9.2e-05,6.2e-05
Hospital_1,517,2,2,0.03327,2.1e-05,0.96617,0.000327,0.000138,7.4e-05
Hospital_1,518,3,3,0.1975,0.001801,0.048264,0.423044,0.256321,0.073069
Hospital_1,519,0,0,0.915718,0.002109,0.060993,0.005923,0.005593,0.009664
Hospital_1,520,3,3,0.013217,0.000131,0.000605,0.984963,0.000901,0.000183
Hospital_1,521,3,3,0.021282,0.000177,0.002159,0.949419,0.01819,0.008772
Hospital_1,522,2,2,0.037019,2.6e-05,0.962313,0.000368,0.000171,0.000104
Hospital_1,523,2,2,0.022051,3.5e-05,0.977624,0.000116,8.8e-05,8.5e-05
Hospital_1,524,2,2,0.034667,2.3e-05,0.964807,0.000284,0.000134,8.5e-05
Hospital_1,525,2,2,0.041222,2.4e-05,0.957997,0.000473,0.000185,0.0001
Hospital_1,526,5,1,0.000611,0.929065,0.0,0.000129,0.000701,0.069494
Hospital_1,527,2,2,0.024773,2.6e-05,0.974921,0.000127,8.3e-05,7.1e-05
Hospital_1,528,0,0,0.883285,0.002686,0.096188,0.002438,0.004913,0.010491
Hospital_1,529,2,2,0.024424,8.1e-05,0.975163,9.3e-05,0.000104,0.000136
Hospital_1,530,2,2,0.027153,8.6e-05,0.972403,0.000102,0.000112,0.000144
Hospital_1,531,5,5,0.000845,0.005666,0.0,0.000578,0.034459,0.958452
Hospital_1,532,2,2,0.021261,2.1e-05,0.978494,0.000104,6.8e-05,5.3e-05
Hospital_1,533,2,2,0.041108,2.2e-05,0.958145,0.000471,0.000168,8.6e-05
Hospital_1,534,5,5,0.002351,0.223428,0.0,0.00108,0.011249,0.761892
Hospital_1,535,5,5,0.001217,0.075184,0.0,0.001544,0.046447,0.875607
Hospital_1,536,3,3,0.002225,0.00012,1e-06,0.879562,0.076899,0.041193
Hospital_1,537,2,2,0.024275,5.8e-05,0.97539,8.3e-05,9e-05,0.000104
Hospital_1,538,2,2,0.035302,0.000178,0.963941,0.000128,0.000185,0.000266
Hospital_1,539,3,3,0.0015,8e-06,0.000215,0.995149,0.002861,0.000266
Hospital_1,540,2,2,0.025649,3.2e-05,0.974089,8.9e-05,7.3e-05,6.8e-05
Hospital_1,541,2,2,0.035263,0.000152,0.964059,0.000115,0.000164,0.000247
Hospital_1,542,3,3,0.002507,0.000144,0.000112,0.996293,0.000708,0.000234
Hospital_1,543,2,2,0.03595,2.3e-05,0.963491,0.000305,0.000142,8.8e-05
Hospital_1,544,2,2,0.020883,3.5e-05,0.978856,8.5e-05,7.3e-05,6.8e-05
Hospital_1,545,2,2,0.025637,8.3e-05,0.973944,9.1e-05,0.000108,0.000136
Hospital_1,546,3,3,0.063862,0.000847,0.001858,0.879853,0.042135,0.011445
Hospital_1,547,5,5,0.002246,0.081239,0.0,0.000595,0.010926,0.904994
Hospital_1,548,2,2,0.020881,4.4e-05,0.978857,6.5e-05,6.9e-05,8.4e-05
Hospital_1,549,2,2,0.021109,2.1e-05,0.978654,9.9e-05,6.7e-05,5.1e-05
Hospital_1,550,3,3,0.009356,3.9e-05,0.004106,0.985021,0.001301,0.000178
Hospital_1,551,2,2,0.024817,7.7e-05,0.974814,7.5e-05,9e-05,0.000129
Hospital_1,552,3,3,0.007747,0.000735,5e-05,0.987444,0.002814,0.001209
Hospital_1,553,2,2,0.028206,1.9e-05,0.97132,0.000271,0.000115,6.9e-05
Hospital_1,554,2,2,0.035886,0.000184,0.963302,0.000139,0.0002,0.00029
Hospital_1,555,2,2,0.030198,0.000136,0.969226,0.000107,0.000137,0.000195
Hospital_1,556,5,5,0.001916,0.006257,0.0,0.000842,0.021709,0.969276
Hospital_1,557,2,2,0.027084,6.8e-05,0.972535,8.4e-05,0.0001,0.000129
Hospital_1,558,1,1,0.000121,0.943473,0.0,4.1e-05,0.000209,0.056156
Hospital_1,559,2,2,0.020979,2.9e-05,0.97878,8.2e-05,6.8e-05,6.3e-05
Hospital_1,560,3,3,0.009429,0.00021,0.000135,0.989351,0.000722,0.000152
Hospital_1,561,0,0,0.930537,0.008568,0.043323,0.001171,0.003743,0.012657
Hospital_1,562,2,2,0.025635,2.7e-05,0.973992,0.000163,0.000102,8e-05
Hospital_1,563,0,0,0.9296,0.002643,0.055335,0.001832,0.003466,0.007124
Hospital_1,564,3,3,0.002988,9.2e-05,4.6e-05,0.995876,0.000728,0.00027
Hospital_1,565,2,2,0.025595,2.9e-05,0.974066,0.000141,9.1e-05,7.8e-05
Hospital_1,566,5,5,0.002526,0.018062,0.0,0.000866,0.013286,0.96526
Hospital_1,567,5,5,0.004788,0.03716,0.0,0.000703,0.013718,0.943631
Hospital_1,568,2,2,0.024662,2.2e-05,0.97507,0.000115,7.4e-05,5.8e-05
Hospital_1,569,5,5,0.001414,0.020023,0.0,0.000651,0.014415,0.963497
Hospital_1,570,5,5,0.001367,0.002666,0.0,0.000271,0.00946,0.986237
Hospital_1,571,3,3,0.057292,0.000397,0.004673,0.931298,0.004585,0.001755
Hospital_1,572,3,3,0.007199,0.00202,6.4e-05,0.986081,0.0032,0.001436
Hospital_1,573,2,2,0.025232,3.5e-05,0.974485,9.5e-05,7.9e-05,7.3e-05
Hospital_1,574,3,3,0.048251,0.011654,9e-06,0.443321,0.3423,0.154466
Hospital_1,575,3,3,0.038036,0.000605,0.002434,0.814931,0.107175,0.036818
