hospital,imagen_idx,y_true,y_pred,prob_0,prob_1,prob_2,prob_3,prob_4,prob_5
Hospital_1,0,5,0,0.574426,0.024346,0.023525,0.09717,0.194498,0.086035
Hospital_1,1,4,3,0.000132,6e-05,2.5e-05,0.626632,0.372997,0.000153
Hospital_1,2,4,4,0.000384,8.4e-05,3.5e-05,0.378128,0.620784,0.000584
Hospital_1,3,0,0,0.922493,0.002579,0.009338,0.027419,0.030863,0.007308
Hospital_1,4,1,1,0.233971,0.68605,0.021633,0.015556,0.03904,0.00375
Hospital_1,5,1,1,0.132838,0.627633,0.024221,0.039538,0.167207,0.008562
Hospital_1,6,4,4,0.000108,4.3e-05,2.6e-05,0.477337,0.52217,0.000317
Hospital_1,7,4,3,6e-06,8e-06,8e-06,0.964214,0.03575,1.4e-05
Hospital_1,8,5,5,0.000508,0.017125,0.006952,0.374471,0.080538,0.520405
Hospital_1,9,4,3,1.9e-05,3.8e-05,0.000118,0.987139,0.012663,2.3e-05
Hospital_1,10,0,0,0.980923,0.001958,0.002014,0.004425,0.007721,0.002959
Hospital_1,11,2,3,0.123183,0.067032,0.167473,0.316639,0.295018,0.030655
Hospital_1,12,1,1,0.053507,0.907651,0.013201,0.007783,0.016786,0.001072
Hospital_1,13,5,3,0.009693,0.026965,0.02233,0.431217,0.135758,0.374037
Hospital_1,14,5,0,0.649238,0.000575,0.000125,0.096146,0.109764,0.144152
Hospital_1,15,4,4,7.1e-05,3.1e-05,1.8e-05,0.46982,0.529743,0.000318
Hospital_1,16,4,4,0.001201,0.000144,2.9e-05,0.161168,0.836843,0.000616
Hospital_1,17,4,3,0.000123,5.3e-05,3.3e-05,0.656896,0.342683,0.000213
Hospital_1,18,3,3,0.0,0.0,0.0,0.999998,2e-06,0.0
Hospital_1,19,3,3,0.0,0.0,0.0,0.999999,1e-06,0.0
Hospital_1,20,5,5,0.005321,0.047892,0.022034,0.352328,0.110184,0.46224
Hospital_1,21,4,3,1.5e-05,8e-06,3e-06,0.835649,0.164301,2.5e-05
Hospital_1,22,1,1,0.049012,0.912147,0.013897,0.007353,0.015948,0.001642
Hospital_1,23,5,5,0.010401,0.042175,0.028244,0.402843,0.073814,0.442522
Hospital_1,24,4,3,3.7e-05,1.3e-05,4e-06,0.703061,0.29684,4.5e-05
Hospital_1,25,0,0,0.952379,0.00635,0.004894,0.012011,0.016274,0.008091
Hospital_1,26,3,3,0.0,0.0,0.0,0.999924,7.6e-05,0.0
Hospital_1,27,2,4,0.194491,0.236169,0.172544,0.129922,0.244703,0.02217
Hospital_1,28,0,0,0.929737,0.007625,0.010221,0.014715,0.02652,0.011182
Hospital_1,29,4,4,9.3e-05,2.6e-05,1.1e-05,0.152458,0.846874,0.000539
Hospital_1,30,3,3,0.0,0.0,0.0,1.0,0.0,0.0
Hospital_1,31,4,4,0.029543,0.00043,0.001377,0.339587,0.593834,0.035229
Hospital_1,32,3,3,0.0,0.0,0.0,0.999996,4e-06,0.0
Hospital_1,33,3,3,0.0,0.0,0.0,0.999999,1e-06,0.0
Hospital_1,34,4,3,7.9e-05,2.4e-05,6e-06,0.536682,0.463144,6.6e-05
Hospital_1,35,5,4,0.091839,0.11583,0.005912,0.192711,0.351039,0.242669
Hospital_1,36,3,3,0.0,0.0,0.0,1.0,0.0,0.0
Hospital_1,37,2,0,0.292843,0.152178,0.181618,0.147147,0.203746,0.022467
Hospital_1,38,2,1,0.170512,0.442492,0.162065,0.072949,0.121458,0.030524
Hospital_1,39,0,0,0.899046,0.029658,0.020856,0.016854,0.023778,0.009808
Hospital_1,40,4,3,8.3e-05,1.7e-05,6e-06,0.566429,0.433363,0.000102
Hospital_1,41,1,1,0.240231,0.601239,0.054455,0.029182,0.066216,0.008679
Hospital_1,42,0,0,0.814146,0.04306,0.05425,0.023798,0.045349,0.019397
Hospital_1,43,0,0,0.946342,0.005421,0.007002,0.021105,0.016954,0.003176
Hospital_1,44,5,4,0.002672,0.007438,0.003595,0.376165,0.405451,0.20468
Hospital_1,45,1,1,0.050225,0.91861,0.011856,0.004798,0.013702,0.000809
Hospital_1,46,5,4,0.073763,0.023939,0.005395,0.226251,0.45996,0.210691
Hospital_1,47,1,1,0.065265,0.868843,0.025625,0.010372,0.027321,0.002575
Hospital_1,48,0,0,0.808615,0.027869,0.016794,0.045033,0.047699,0.053991
Hospital_1,49,4,3,4.6e-05,1.7e-05,4e-06,0.520309,0.479543,8.1e-05
Hospital_1,50,0,0,0.845694,0.02882,0.03098,0.034045,0.034631,0.02583
Hospital_1,51,3,3,0.0,0.0,0.0,0.999994,6e-06,0.0
Hospital_1,52,0,0,0.961477,0.005988,0.00669,0.00889,0.0105,0.006455
Hospital_1,53,2,1,0.230143,0.455705,0.123641,0.04697,0.133035,0.010505
Hospital_1,54,4,3,0.000114,4.9e-05,3.1e-05,0.533588,0.465815,0.000402
Hospital_1,55,1,1,0.061648,0.880166,0.023489,0.010398,0.021785,0.002514
Hospital_1,56,4,3,1.8e-05,1.9e-05,2.8e-05,0.940973,0.058906,5.5e-05
Hospital_1,57,0,0,0.58052,0.022478,0.07286,0.129078,0.137727,0.057336
Hospital_1,58,5,5,0.00988,0.05477,0.130192,0.339179,0.116237,0.349742
Hospital_1,59,1,1,0.025986,0.956706,0.003988,0.003099,0.009739,0.000483
Hospital_1,60,0,0,0.939832,0.006166,0.012511,0.015704,0.01755,0.008236
Hospital_1,61,4,4,0.000214,4e-05,1.4e-05,0.313508,0.686,0.000224
Hospital_1,62,3,3,0.0,0.0,0.0,0.999998,2e-06,0.0
Hospital_1,63,2,3,0.050983,0.073915,0.209411,0.466151,0.173632,0.025907
Hospital_1,64,4,4,6e-05,1.4e-05,4e-06,0.232224,0.767552,0.000146
Hospital_1,65,5,3,0.032041,0.115596,0.171592,0.2535,0.181026,0.246244
Hospital_1,66,1,1,0.091648,0.853433,0.017049,0.008472,0.027787,0.001611
Hospital_1,67,5,0,0.532114,0.001505,0.002357,0.15913,0.158079,0.146815
Hospital_1,68,1,1,0.093471,0.830149,0.030336,0.013081,0.028571,0.004392
Hospital_1,69,1,1,0.031682,0.939667,0.00656,0.005341,0.01598,0.000769
Hospital_1,70,5,4,0.15775,0.0005,0.000658,0.155349,0.486417,0.199327
Hospital_1,71,5,3,0.000815,0.007799,0.028773,0.549436,0.109377,0.3038
Hospital_1,72,3,3,0.0,0.0,0.0,0.999997,3e-06,0.0
Hospital_1,73,4,4,0.000273,1.7e-05,6e-06,0.157575,0.841658,0.000471
Hospital_1,74,2,4,0.195305,0.194195,0.164325,0.159278,0.268366,0.018531
Hospital_1,75,5,5,0.003893,0.025574,0.031104,0.392698,0.076981,0.46975
Hospital_1,76,3,3,0.0,0.0,0.0,1.0,0.0,0.0
Hospital_1,77,4,4,5.6e-05,1.4e-05,5e-06,0.267878,0.731904,0.000142
Hospital_1,78,1,1,0.172418,0.730264,0.031989,0.022207,0.036969,0.006153
Hospital_1,79,0,0,0.928488,0.009801,0.00814,0.018953,0.027226,0.007393
Hospital_1,80,0,0,0.752587,0.01706,0.042145,0.05022,0.100504,0.037485
Hospital_1,81,4,4,3.9e-05,2.3e-05,2.9e-05,0.202726,0.795937,0.001246
Hospital_1,82,4,3,0.000109,0.000129,7.8e-05,0.803591,0.195894,0.000198
Hospital_1,83,0,0,0.817049,0.008824,0.018988,0.046535,0.074001,0.034603
Hospital_1,84,5,0,0.337165,0.12341,0.128233,0.106812,0.169783,0.134597
Hospital_1,85,4,3,9.3e-05,3.1e-05,1.1e-05,0.507604,0.492151,0.00011
Hospital_1,86,3,3,0.0,0.0,0.0,1.0,0.0,0.0
Hospital_1,87,4,4,0.000162,4.8e-05,1.2e-05,0.469318,0.530293,0.000167
Hospital_1,88,1,1,0.075353,0.761465,0.053926,0.032572,0.065278,0.011406
Hospital_1,89,0,0,0.825949,0.033643,0.034744,0.033604,0.058426,0.013633
Hospital_1,90,3,3,0.0,0.0,0.0,0.999999,1e-06,0.0
Hospital_1,91,1,1,0.018359,0.968002,0.005324,0.002298,0.005808,0.000208
Hospital_1,92,1,1,0.019248,0.971531,0.003417,0.001395,0.004254,0.000155
Hospital_1,93,4,3,0.000223,7.9e-05,2.2e-05,0.516022,0.483479,0.000175
Hospital_1,94,3,3,0.0,0.0,0.0,0.999998,2e-06,0.0
Hospital_1,95,2,4,0.200963,0.107635,0.196706,0.148602,0.248789,0.097304
Hospital_1,96,0,0,0.627231,0.101906,0.099479,0.054354,0.089006,0.028023
Hospital_1,97,0,0,0.923521,0.022523,0.011653,0.012317,0.018171,0.011815
Hospital_1,98,1,1,0.302779,0.374612,0.031498,0.067024,0.215257,0.00883
Hospital_1,99,0,0,0.85533,0.031175,0.028827,0.032156,0.036201,0.016311
Hospital_1,100,3,3,0.0,0.0,0.0,1.0,0.0,0.0
Hospital_1,101,5,4,0.061983,0.04468,0.011638,0.26392,0.452886,0.164893
Hospital_1,102,5,3,0.028055,0.031066,0.016377,0.418339,0.165108,0.341054
Hospital_1,103,2,0,0.40195,0.283913,0.109673,0.059399,0.127847,0.017219
Hospital_1,104,2,2,0.139444,0.212259,0.260967,0.161644,0.202912,0.022773
Hospital_1,105,1,1,0.017737,0.961623,0.006322,0.004607,0.00856,0.001151
Hospital_1,106,4,3,3.1e-05,1.7e-05,5e-06,0.699031,0.300873,4.3e-05
Hospital_1,107,2,2,0.236626,0.16637,0.236696,0.109191,0.190563,0.060553
Hospital_1,108,2,0,0.251668,0.231624,0.184979,0.112306,0.188212,0.031212
Hospital_1,109,2,1,0.125892,0.52366,0.204478,0.04893,0.091793,0.005246
Hospital_1,110,1,1,0.045162,0.910753,0.014679,0.008158,0.019867,0.001381
Hospital_1,111,4,4,0.000169,2.4e-05,5e-06,0.127642,0.871972,0.000189
Hospital_1,112,5,5,0.001704,0.021795,0.030345,0.385382,0.075164,0.48561
Hospital_1,113,4,4,0.000113,3.4e-05,8e-06,0.461164,0.53856,0.000121
Hospital_1,114,4,3,2.1e-05,1.2e-05,6e-06,0.843186,0.156745,3e-05
Hospital_1,115,0,0,0.887736,0.008777,0.013399,0.029098,0.038516,0.022474
Hospital_1,116,2,2,0.187278,0.189971,0.235014,0.148091,0.217691,0.021956
Hospital_1,117,3,3,0.0,0.0,0.0,0.999999,1e-06,0.0
Hospital_1,118,4,4,0.000128,2.2e-05,5e-06,0.17158,0.828104,0.000161
Hospital_1,119,3,3,0.0,0.0,0.0,0.999997,3e-06,0.0
Hospital_1,120,5,0,0.311529,0.115466,0.06458,0.150735,0.150589,0.207101
Hospital_1,121,5,3,0.000599,0.007623,0.027075,0.528424,0.051808,0.384471
Hospital_1,122,2,1,0.377118,0.39214,0.12914,0.029312,0.067448,0.004842
Hospital_1,123,1,1,0.024552,0.944625,0.013071,0.005106,0.012191,0.000455
Hospital_1,124,3,3,0.0,0.0,0.0,0.999998,2e-06,0.0
Hospital_1,125,0,0,0.808557,0.038356,0.041673,0.040293,0.038513,0.032608
Hospital_1,126,2,3,0.093994,0.114627,0.225004,0.260569,0.241989,0.063816
Hospital_1,127,3,3,0.0,0.0,0.0,0.999196,0.000804,0.0
Hospital_1,128,3,3,0.0,0.0,0.0,1.0,0.0,0.0
Hospital_1,129,3,3,0.0,0.0,0.0,0.999998,2e-06,0.0
Hospital_1,130,1,0,0.456094,0.421972,0.024428,0.025306,0.067261,0.004938
Hospital_1,131,4,3,3.3e-05,9e-06,3e-06,0.523973,0.475929,5.4e-05
Hospital_1,132,2,4,0.136747,0.089455,0.1629,0.233771,0.304106,0.07302
Hospital_1,133,1,1,0.161308,0.71497,0.021093,0.021213,0.076037,0.005378
Hospital_1,134,2,1,0.190724,0.378097,0.168772,0.08359,0.163125,0.015691
Hospital_1,135,4,3,7.7e-05,3e-05,2.3e-05,0.823206,0.176514,0.00015
Hospital_1,136,5,3,0.003252,0.009643,0.005252,0.392239,0.381546,0.208068
Hospital_1,137,1,1,0.046147,0.913325,0.014441,0.007592,0.016525,0.001969
Hospital_1,138,1,1,0.103786,0.824082,0.022959,0.013068,0.032614,0.003492
Hospital_1,139,3,3,0.0,0.0,0.0,0.999996,4e-06,0.0
Hospital_1,140,5,3,0.005136,0.01269,0.003488,0.381015,0.353978,0.243693
Hospital_1,141,2,1,0.239869,0.372452,0.185153,0.063741,0.115867,0.022918
Hospital_1,142,3,3,0.0,0.0,0.0,0.999992,8e-06,0.0
Hospital_1,143,2,1,0.184396,0.476346,0.138458,0.064609,0.115241,0.020949
Hospital_1,144,4,3,1e-06,1e-06,1e-06,0.98501,0.014985,2e-06
Hospital_1,145,2,0,0.330536,0.172681,0.204745,0.103328,0.162158,0.026552
Hospital_1,146,4,3,1.6e-05,1.3e-05,1e-05,0.95779,0.042143,2.8e-05
Hospital_1,147,5,3,0.052451,0.062957,0.002007,0.343352,0.200175,0.339059
Hospital_1,148,1,1,0.234075,0.559084,0.07767,0.039737,0.078265,0.011168
Hospital_1,149,4,3,4.5e-05,2e-05,8e-06,0.529003,0.470852,7.1e-05
Hospital_1,150,2,4,0.196311,0.134636,0.159511,0.151975,0.324035,0.033531
Hospital_1,151,2,3,0.054669,0.085215,0.220017,0.345853,0.239371,0.054876
Hospital_1,152,3,3,0.0,0.0,0.0,1.0,0.0,0.0
Hospital_1,153,1,1,0.0296,0.9356,0.013147,0.00648,0.014042,0.001131
Hospital_1,154,4,4,0.000273,5e-05,1.3e-05,0.20358,0.795856,0.000227
Hospital_1,155,2,0,0.350727,0.143051,0.215384,0.095514,0.160149,0.035175
Hospital_1,156,2,1,0.218218,0.596532,0.06591,0.025025,0.09203,0.002284
Hospital_1,157,2,0,0.270239,0.222218,0.234827,0.083539,0.144147,0.04503
Hospital_1,158,3,3,0.0,0.0,0.0,0.999931,6.9e-05,0.0
Hospital_1,159,5,4,0.161592,0.000226,0.000361,0.309873,0.432263,0.095685
Hospital_1,160,1,1,0.102805,0.727106,0.047959,0.036818,0.077628,0.007684
Hospital_1,161,3,3,0.0,0.0,0.0,0.999999,1e-06,0.0
Hospital_1,162,3,3,0.0,0.0,0.0,1.0,0.0,0.0
Hospital_1,163,3,3,0.0,0.0,0.0,1.0,0.0,0.0
Hospital_1,164,5,5,0.007719,0.038998,0.110714,0.31941,0.094054,0.429106
Hospital_1,165,1,1,0.134975,0.839712,0.007957,0.003532,0.013598,0.000226
Hospital_1,166,5,0,0.573611,0.000821,0.000146,0.064923,0.15523,0.205269
Hospital_1,167,0,0,0.939489,0.000197,0.000386,0.022738,0.021401,0.01579
Hospital_1,168,2,1,0.182634,0.360096,0.203975,0.084302,0.144725,0.024267
Hospital_1,169,1,1,0.030851,0.916476,0.00932,0.007736,0.034452,0.001166
Hospital_1,170,3,3,0.0,0.0,0.0,0.999999,1e-06,0.0
Hospital_1,171,2,1,0.141304,0.30093,0.230729,0.119621,0.177818,0.029598
Hospital_1,172,4,3,7e-06,8e-06,4e-06,0.953173,0.0468,8e-06
Hospital_1,173,0,0,0.628338,0.011387,0.05049,0.113635,0.15683,0.03932
Hospital_1,174,4,4,1e-06,1e-06,1e-06,0.155561,0.844204,0.000232
Hospital_1,175,3,3,0.0,0.0,0.0,0.999999,1e-06,0.0
Hospital_1,176,5,4,0.0039,0.016055,0.02002,0.335828,0.389528,0.234669
Hospital_1,177,0,0,0.987958,0.000115,0.000152,0.00382,0.004827,0.003129
Hospital_1,178,3,3,0.0,0.0,0.0,1.0,0.0,0.0
Hospital_1,179,1,1,0.038994,0.913265,0.005243,0.006858,0.034348,0.001292
Hospital_1,180,4,3,6e-06,4e-06,3e-06,0.948654,0.051321,1.1e-05
Hospital_1,181,0,0,0.870522,0.028289,0.025438,0.022983,0.043935,0.008833
Hospital_1,182,5,3,0.001198,0.016848,0.006364,0.403912,0.168811,0.402867
Hospital_1,183,2,1,0.230356,0.259122,0.20145,0.109333,0.184939,0.0148
Hospital_1,184,5,3,0.023238,0.049558,0.040428,0.363847,0.212663,0.310267
Hospital_1,185,3,3,0.0,0.0,0.0,0.999999,1e-06,0.0
Hospital_1,186,5,3,0.000586,0.005737,0.018268,0.759652,0.030639,0.185118
Hospital_1,187,4,3,4.8e-05,2.7e-05,1.7e-05,0.83866,0.161172,7.5e-05
Hospital_1,188,5,0,0.836497,0.01415,0.001444,0.019433,0.091459,0.037017
Hospital_1,189,1,1,0.030736,0.949588,0.006773,0.00349,0.008892,0.000522
Hospital_1,190,0,0,0.797701,0.019032,0.037888,0.046161,0.067048,0.03217
Hospital_1,191,0,0,0.7979,0.037931,0.047035,0.037807,0.064805,0.014523
Hospital_1,192,2,0,0.396164,0.355104,0.111841,0.037295,0.096763,0.002832
Hospital_1,193,3,3,0.0,0.0,0.0,0.999987,1.3e-05,0.0
Hospital_1,194,5,5,0.001009,0.016206,0.013592,0.424796,0.077741,0.466655
Hospital_1,195,5,3,0.003134,0.022315,0.057615,0.461127,0.076629,0.37918
Hospital_1,196,4,3,1e-06,2e-06,1e-06,0.96195,0.038042,4e-06
Hospital_1,197,4,4,5.8e-05,1.7e-05,4e-06,0.493331,0.506526,6.5e-05
Hospital_1,198,4,3,7.2e-05,3.2e-05,1e-05,0.669779,0.330043,6.5e-05
Hospital_1,199,3,3,0.0,0.0,0.0,1.0,0.0,0.0
Hospital_1,200,1,1,0.02192,0.957952,0.006211,0.003705,0.009561,0.00065
Hospital_1,201,4,3,8.8e-05,5.8e-05,3.8e-05,0.676305,0.323237,0.000274
Hospital_1,202,4,3,2.9e-05,1.9e-05,7e-06,0.699055,0.300817,7.3e-05
Hospital_1,203,4,3,2.6e-05,1.9e-05,8e-06,0.901062,0.098862,2.3e-05
Hospital_1,204,2,2,0.111221,0.175635,0.255455,0.23611,0.20288,0.018699
Hospital_1,205,5,5,0.021115,0.042408,0.023673,0.382079,0.129997,0.400728
Hospital_1,206,0,0,0.908322,0.010112,0.016049,0.017691,0.033718,0.014107
Hospital_1,207,4,3,9.3e-05,4.1e-05,1.1e-05,0.679224,0.320539,9.2e-05
Hospital_1,208,4,3,1.6e-05,9e-06,3e-06,0.897823,0.102131,1.8e-05
Hospital_1,209,5,5,0.002106,0.022276,0.022386,0.423392,0.087334,0.442506
Hospital_1,210,1,1,0.140832,0.758584,0.02805,0.016902,0.051366,0.004266
Hospital_1,211,0,0,0.913419,0.023178,0.010193,0.01534,0.029534,0.008335
Hospital_1,212,4,4,0.000134,4.6e-05,1.4e-05,0.491436,0.508236,0.000135
Hospital_1,213,4,3,0.000154,0.000163,0.000137,0.857328,0.142059,0.000159
Hospital_1,214,1,1,0.061149,0.900703,0.01717,0.004945,0.015404,0.00063
Hospital_1,215,3,3,0.0,0.0,0.0,1.0,0.0,0.0
Hospital_1,216,2,2,0.198463,0.136651,0.227521,0.202412,0.219913,0.01504
Hospital_1,217,5,4,0.008362,0.009646,0.019619,0.386943,0.465207,0.110223
Hospital_1,218,3,3,0.0,0.0,0.0,1.0,0.0,0.0
Hospital_1,219,3,3,0.0,0.0,0.0,0.999981,1.9e-05,0.0
Hospital_1,220,5,3,0.183098,0.001128,0.000418,0.446264,0.192224,0.176868
Hospital_1,221,2,4,0.068287,0.030482,0.053365,0.341052,0.469397,0.037417
Hospital_1,222,0,0,0.495068,0.006052,0.019047,0.305554,0.146878,0.027402
Hospital_1,223,5,5,0.003505,0.026456,0.056459,0.311834,0.126813,0.474933
Hospital_1,224,2,1,0.189913,0.295157,0.213374,0.117058,0.167948,0.016549
Hospital_1,225,2,2,0.233554,0.162877,0.271077,0.11141,0.178022,0.04306
Hospital_1,226,2,1,0.176602,0.408685,0.148379,0.08766,0.161607,0.017067
Hospital_1,227,0,0,0.427885,0.019814,0.052624,0.174424,0.232501,0.09275
Hospital_1,228,3,3,0.0,0.0,0.0,0.999955,4.5e-05,0.0
Hospital_1,229,0,0,0.938622,0.007711,0.007722,0.010569,0.025885,0.009491
Hospital_1,230,0,0,0.413759,0.165683,0.166575,0.07569,0.136937,0.041355
Hospital_1,231,1,1,0.033359,0.928069,0.012533,0.007574,0.016423,0.002041
Hospital_1,232,0,0,0.93999,0.005423,0.004044,0.010148,0.033017,0.007378
Hospital_1,233,2,1,0.160062,0.302308,0.262309,0.100862,0.157873,0.016587
Hospital_1,234,1,1,0.029453,0.951146,0.006588,0.003393,0.008788,0.000633
Hospital_1,235,3,3,0.0,0.0,0.0,0.999999,1e-06,0.0
Hospital_1,236,1,1,0.037491,0.910385,0.016337,0.01095,0.02083,0.004006
Hospital_1,237,5,3,0.010936,0.037501,0.008469,0.349948,0.306983,0.286163
Hospital_1,238,4,3,1.2e-05,7e-06,2e-06,0.855513,0.144451,1.4e-05
Hospital_1,239,0,0,0.962894,0.004319,0.00337,0.008996,0.014513,0.005908
Hospital_1,240,2,3,0.156225,0.069402,0.145386,0.43446,0.177879,0.016648
Hospital_1,241,1,1,0.031515,0.944539,0.00612,0.003442,0.013936,0.000448
Hospital_1,242,2,3,0.037624,0.040604,0.191166,0.551375,0.153342,0.025888
Hospital_1,243,3,3,0.0,0.0,0.0,0.999995,5e-06,0.0
Hospital_1,244,4,3,4e-06,3e-06,1e-06,0.870173,0.12981,9e-06
Hospital_1,245,3,3,0.0,0.0,0.0,0.999999,1e-06,0.0
Hospital_1,246,5,3,0.009047,0.032108,0.014414,0.34792,0.337952,0.258559
Hospital_1,247,5,5,0.007595,0.040406,0.04454,0.32977,0.076332,0.501355
Hospital_1,248,5,0,0.567656,0.008315,0.006435,0.093094,0.243752,0.080748
Hospital_1,249,3,3,0.0,0.0,0.0,0.999998,2e-06,0.0
Hospital_1,250,2,1,0.176167,0.412771,0.184641,0.073845,0.128894,0.023682
Hospital_1,251,5,0,0.657806,0.001667,0.001349,0.075468,0.190852,0.072858
Hospital_1,252,5,5,0.001667,0.028878,0.012227,0.351505,0.102096,0.503626
Hospital_1,253,0,0,0.924507,0.013559,0.011464,0.020817,0.017646,0.012007
Hospital_1,254,4,4,4.6e-05,1.3e-05,3e-06,0.436704,0.563174,5.9e-05
Hospital_1,255,2,1,0.227016,0.272495,0.197564,0.093362,0.181406,0.028157
Hospital_1,256,2,0,0.329864,0.140184,0.204454,0.111939,0.183523,0.030035
Hospital_1,257,1,1,0.074634,0.89924,0.006177,0.004852,0.014179,0.000918
Hospital_1,258,3,3,0.0,0.0,0.0,0.999982,1.8e-05,0.0
Hospital_1,259,1,1,0.120717,0.817793,0.023533,0.010027,0.025443,0.002487
Hospital_1,260,1,1,0.070946,0.855171,0.022428,0.014124,0.034746,0.002584
Hospital_1,261,1,1,0.052864,0.903407,0.016232,0.008129,0.017506,0.001862
Hospital_1,262,3,3,0.0,0.0,0.0,0.999999,1e-06,0.0
Hospital_1,263,1,1,0.017316,0.971309,0.003703,0.001852,0.005561,0.000259
Hospital_1,264,2,0,0.37037,0.229836,0.170552,0.063563,0.158184,0.007496
Hospital_1,265,0,0,0.912401,0.005424,0.017533,0.023522,0.031095,0.010026
Hospital_1,266,2,4,0.160255,0.156398,0.166102,0.172749,0.32896,0.015535
Hospital_1,267,2,3,0.077037,0.125518,0.256549,0.257681,0.227626,0.055589
Hospital_1,268,3,3,0.0,0.0,0.0,0.99999,1e-05,0.0
Hospital_1,269,5,3,0.033852,0.045539,0.013649,0.346115,0.221266,0.339581
Hospital_1,270,0,0,0.958817,0.002772,0.003097,0.006666,0.022232,0.006415
Hospital_1,271,0,0,0.66969,0.016268,0.053068,0.107728,0.107752,0.045495
Hospital_1,272,1,1,0.039905,0.918422,0.01402,0.007893,0.017468,0.002292
Hospital_1,273,5,3,0.002871,0.016415,0.022407,0.555538,0.115855,0.286913
Hospital_1,274,5,0,0.218469,0.2133,0.192934,0.099841,0.142504,0.132952
Hospital_1,275,4,3,8.2e-05,3.3e-05,1.1e-05,0.74624,0.253558,7.6e-05
Hospital_1,276,5,5,0.004902,0.034892,0.022891,0.350074,0.073513,0.513729
Hospital_1,277,0,0,0.797362,0.009943,0.025093,0.049154,0.100086,0.018362
Hospital_1,278,0,0,0.951605,0.003742,0.00349,0.014711,0.010182,0.016269
Hospital_1,279,4,3,3e-05,1e-05,3e-06,0.53643,0.463482,4.5e-05
Hospital_1,280,5,3,0.002655,0.0163,0.047231,0.590878,0.036758,0.306178
Hospital_1,281,3,3,0.0,0.0,0.0,0.999999,1e-06,0.0
Hospital_1,282,3,3,0.0,0.0,0.0,1.0,0.0,0.0
Hospital_1,283,2,4,0.127051,0.135013,0.228254,0.17891,0.295296,0.035475
Hospital_1,284,0,0,0.925991,0.015337,0.017393,0.017277,0.017553,0.006448
Hospital_1,285,1,1,0.347176,0.494617,0.039513,0.040789,0.070735,0.007171
Hospital_1,286,2,1,0.196827,0.26433,0.219876,0.108135,0.185405,0.025427
Hospital_1,287,5,3,0.005145,0.023688,0.083953,0.559385,0.050855,0.276975
Hospital_1,288,4,4,7e-05,1.3e-05,4e-06,0.189247,0.810486,0.00018
Hospital_1,289,0,0,0.591715,0.006946,0.034102,0.152218,0.161723,0.053295
Hospital_1,290,1,1,0.081833,0.780597,0.045477,0.028413,0.054215,0.009466
Hospital_1,291,2,1,0.245781,0.27486,0.165287,0.09279,0.198976,0.022306
Hospital_1,292,2,3,0.032272,0.049603,0.153221,0.482748,0.234619,0.047536
Hospital_1,293,5,5,0.1244,0.084854,0.013819,0.296303,0.132585,0.348039
Hospital_1,294,2,4,0.154067,0.193646,0.166677,0.140308,0.323927,0.021375
Hospital_1,295,3,3,0.0,0.0,0.0,1.0,0.0,0.0
Hospital_1,296,1,1,0.043907,0.934789,0.006709,0.0037,0.010138,0.000757
Hospital_1,297,2,3,0.060796,0.073258,0.239593,0.340897,0.225654,0.059802
Hospital_1,298,3,3,0.0,0.0,0.0,0.999999,1e-06,0.0
Hospital_1,299,0,0,0.9354,0.006998,0.006734,0.021945,0.02324,0.005682
Hospital_1,300,0,0,0.920488,0.006376,0.005283,0.031967,0.024234,0.011652
Hospital_1,301,4,4,6.4e-05,1.9e-05,5e-06,0.462723,0.537112,7.7e-05
Hospital_1,302,4,3,4.1e-05,5.6e-05,8.8e-05,0.948814,0.05093,7e-05
Hospital_1,303,2,0,0.240866,0.181103,0.222269,0.122262,0.213878,0.019622
Hospital_1,304,4,4,0.000134,5.7e-05,2.1e-05,0.486397,0.513133,0.000259
Hospital_1,305,5,0,0.34965,0.026632,0.034306,0.205505,0.23019,0.153717
Hospital_1,306,1,1,0.17953,0.647233,0.03674,0.048386,0.074276,0.013835
Hospital_1,307,0,0,0.96273,0.001134,0.003627,0.014116,0.013536,0.004857
Hospital_1,308,0,3,0.28937,0.003893,0.022546,0.451213,0.211515,0.021462
Hospital_1,309,4,3,0.000288,9.5e-05,4.9e-05,0.565544,0.43373,0.000294
Hospital_1,310,2,0,0.350371,0.165482,0.219047,0.082985,0.151342,0.030774
Hospital_1,311,5,3,0.002258,0.018216,0.026524,0.505523,0.046468,0.401011
Hospital_1,312,1,1,0.099105,0.703637,0.025172,0.037518,0.130263,0.004305
Hospital_1,313,0,0,0.924436,0.001548,0.00239,0.023191,0.02699,0.021445
Hospital_1,314,1,1,0.040512,0.924511,0.010997,0.006457,0.016184,0.00134
Hospital_1,315,1,1,0.022614,0.958726,0.006542,0.003397,0.008005,0.000715
Hospital_1,316,2,4,0.127505,0.1318,0.231903,0.158457,0.258368,0.091968
Hospital_1,317,1,1,0.011085,0.979001,0.001737,0.001661,0.006302,0.000214
Hospital_1,318,1,1,0.012719,0.981446,0.001752,0.000937,0.003033,0.000114
Hospital_1,319,4,4,0.0,0.0,1e-06,0.485225,0.514718,5.6e-05
Hospital_1,320,3,3,0.0,0.0,0.0,0.999999,1e-06,0.0
Hospital_1,321,5,5,0.006759,0.050218,0.033671,0.353488,0.080334,0.47553
Hospital_1,322,2,2,0.162415,0.202598,0.230904,0.160647,0.215769,0.027667
Hospital_1,323,2,1,0.16728,0.293405,0.23306,0.118899,0.172475,0.014881
Hospital_1,324,3,3,0.0,0.0,0.0,0.999993,7e-06,0.0
Hospital_1,325,5,4,0.063967,0.002279,0.002062,0.369575,0.389513,0.172604
Hospital_1,326,2,2,0.080738,0.115333,0.266496,0.240592,0.223919,0.072922
Hospital_1,327,2,4,0.063346,0.031107,0.081432,0.28659,0.492043,0.045482
Hospital_1,328,1,1,0.089654,0.822333,0.040399,0.010505,0.035148,0.001961
Hospital_1,329,3,3,0.0679,0.000945,0.000468,0.566348,0.21589,0.148449
Hospital_1,330,0,0,0.834398,0.014053,0.030773,0.040572,0.053522,0.026682
Hospital_1,331,4,3,8e-06,9e-06,1.3e-05,0.755073,0.244541,0.000356
Hospital_1,332,4,4,4.3e-05,6e-06,1.2e-05,0.358487,0.63937,0.002082
Hospital_1,333,3,3,0.0,0.0,0.0,0.999998,2e-06,0.0
Hospital_1,334,3,3,0.0,0.0,0.0,0.999998,2e-06,0.0
Hospital_1,335,3,3,0.0,0.0,0.0,0.999999,1e-06,0.0
Hospital_1,336,0,0,0.938399,0.007508,0.007613,0.015797,0.01474,0.015943
Hospital_1,337,0,0,0.931363,0.009008,0.008722,0.011043,0.03014,0.009723
Hospital_1,338,3,3,0.0,0.0,0.0,0.999999,1e-06,0.0
Hospital_1,339,1,1,0.102547,0.876335,0.006253,0.002695,0.012004,0.000165
Hospital_1,340,3,3,0.0,0.0,0.0,0.999998,2e-06,0.0
Hospital_1,341,0,0,0.829039,0.011537,0.020996,0.041023,0.082272,0.015133
Hospital_1,342,2,1,0.203335,0.440366,0.146477,0.065148,0.131914,0.01276
Hospital_1,343,5,0,0.228032,0.215599,0.191237,0.097342,0.137312,0.130478
Hospital_1,344,5,0,0.419367,0.003394,0.002356,0.123687,0.171895,0.279301
Hospital_1,345,3,3,0.0,0.0,0.0,0.999999,1e-06,0.0
Hospital_1,346,5,4,0.071324,0.065232,0.005125,0.214534,0.419527,0.224257
Hospital_1,347,0,0,0.969339,0.004524,0.005224,0.007195,0.007469,0.006248
Hospital_1,348,3,3,0.0,0.0,0.0,0.999846,0.000154,0.0
Hospital_1,349,3,3,0.0,0.0,0.0,1.0,0.0,0.0
Hospital_1,350,0,0,0.95962,0.003744,0.003391,0.009991,0.017911,0.005342
Hospital_1,351,0,0,0.917742,0.005515,0.006462,0.036324,0.014724,0.019233
Hospital_1,352,3,3,0.0,0.0,1e-06,0.998401,0.001598,0.0
Hospital_1,353,2,0,0.333861,0.164631,0.145954,0.12614,0.20425,0.025164
Hospital_1,354,0,0,0.771163,0.047514,0.053254,0.041573,0.070376,0.01612
Hospital_1,355,3,3,0.0,0.0,0.0,1.0,0.0,0.0
Hospital_1,356,0,0,0.9127,0.015828,0.014791,0.015923,0.033232,0.007526
Hospital_1,357,2,1,0.182498,0.327716,0.193042,0.089121,0.181671,0.025951
Hospital_1,358,0,0,0.602286,0.007247,0.019949,0.104966,0.236071,0.029481
Hospital_1,359,3,3,0.0,0.0,0.0,0.999996,4e-06,0.0
Hospital_1,360,1,1,0.065052,0.893089,0.009506,0.007026,0.023946,0.00138
Hospital_1,361,5,0,0.89063,0.016301,0.001183,0.018129,0.05,0.023757
Hospital_1,362,2,1,0.216454,0.267021,0.210328,0.103897,0.192117,0.010182
Hospital_1,363,4,4,5.8e-05,2.1e-05,5e-06,0.448281,0.551553,8.3e-05
Hospital_1,364,4,3,1.6e-05,2.5e-05,3.4e-05,0.937701,0.062155,6.9e-05
Hospital_1,365,3,3,0.0,0.0,0.0,0.999999,1e-06,0.0
Hospital_1,366,1,1,0.162493,0.582707,0.060154,0.044653,0.13384,0.016154
Hospital_1,367,0,0,0.61255,0.037145,0.106441,0.083672,0.120969,0.039223
Hospital_1,368,4,3,4.9e-05,2.1e-05,6e-06,0.762429,0.237439,5.5e-05
Hospital_1,369,5,3,0.003678,0.021442,0.098976,0.412317,0.087823,0.375763
Hospital_1,370,4,3,2.3e-05,5.1e-05,9.1e-05,0.955983,0.043782,7.1e-05
Hospital_1,371,1,1,0.042418,0.923614,0.013761,0.005757,0.013604,0.000845
Hospital_1,372,4,4,5.3e-05,1.3e-05,3e-06,0.247329,0.752509,9.3e-05
Hospital_1,373,3,3,0.0,0.0,0.0,0.999961,3.9e-05,0.0
Hospital_1,374,5,3,0.001825,0.016129,0.068067,0.522407,0.048687,0.342885
Hospital_1,375,2,4,0.102148,0.067864,0.091763,0.240489,0.475581,0.022154
Hospital_1,376,2,0,0.272583,0.122576,0.147448,0.135574,0.255607,0.066213
Hospital_1,377,2,4,0.117956,0.162024,0.200018,0.208933,0.281329,0.02974
Hospital_1,378,3,3,0.0,0.0,0.0,0.999997,3e-06,0.0
Hospital_1,379,5,0,0.654096,0.001181,0.000182,0.0779,0.106486,0.160154
Hospital_1,380,0,0,0.811718,0.049727,0.045485,0.033945,0.041256,0.017869
Hospital_1,381,5,5,0.014629,0.044966,0.038973,0.370341,0.0752,0.45589
Hospital_1,382,4,3,2.3e-05,1.8e-05,1.6e-05,0.94225,0.05767,2.3e-05
Hospital_1,383,0,0,0.966187,0.00025,0.000338,0.011839,0.01252,0.008865
Hospital_1,384,4,3,1.2e-05,1e-05,7e-06,0.947059,0.052893,1.8e-05
Hospital_1,385,1,1,0.07614,0.774941,0.01235,0.022111,0.110306,0.004153
Hospital_1,386,3,3,0.0,0.0,0.0,1.0,0.0,0.0
Hospital_1,387,5,0,0.531081,0.000499,0.000417,0.072752,0.220594,0.174658
Hospital_1,388,5,5,0.00112,0.011346,0.032284,0.342296,0.139105,0.473848
Hospital_1,389,0,0,0.963233,0.003538,0.003207,0.006462,0.01716,0.0064
Hospital_1,390,4,3,0.000141,6.1e-05,2.3e-05,0.703033,0.296619,0.000125
Hospital_1,391,3,3,0.0,0.0,0.0,0.999989,1.1e-05,0.0
Hospital_1,392,4,4,5.5e-05,1.8e-05,4e-06,0.496881,0.502971,7.1e-05
Hospital_1,393,5,0,0.335883,0.031971,0.010875,0.151406,0.212498,0.257366
Hospital_1,394,0,0,0.98543,0.000802,0.000963,0.003912,0.006065,0.002827
Hospital_1,395,0,0,0.900787,0.002575,0.00512,0.021342,0.060003,0.010172
Hospital_1,396,2,1,0.169556,0.306067,0.194068,0.115046,0.189438,0.025825
Hospital_1,397,3,3,0.0,0.0,0.0,0.999965,3.5e-05,0.0
Hospital_1,398,3,3,0.0,0.0,0.0,1.0,0.0,0.0
Hospital_1,399,0,0,0.733283,0.049742,0.059746,0.060181,0.079313,0.017735
Hospital_1,400,1,1,0.014707,0.976037,0.003011,0.001724,0.004268,0.000252
Hospital_1,401,2,0,0.227821,0.179311,0.20496,0.117521,0.221813,0.048573
Hospital_1,402,2,1,0.119196,0.324713,0.219196,0.15554,0.169011,0.012343
Hospital_1,403,1,1,0.075783,0.855219,0.024298,0.01376,0.026828,0.004113
Hospital_1,404,1,1,0.029358,0.950767,0.006716,0.003626,0.009051,0.000482
Hospital_1,405,5,0,0.544389,0.001004,0.000746,0.096314,0.226028,0.131519
Hospital_1,406,0,0,0.720261,0.027587,0.055798,0.063586,0.088089,0.04468
Hospital_1,407,3,3,0.0,0.0,0.0,0.999998,2e-06,0.0
Hospital_1,408,2,3,0.090235,0.066832,0.18742,0.322663,0.295267,0.037583
Hospital_1,409,3,3,0.0,0.0,0.0,0.999999,1e-06,0.0
Hospital_1,410,2,0,0.391274,0.105616,0.194149,0.112361,0.160399,0.036201
Hospital_1,411,1,1,0.135489,0.714586,0.054739,0.027799,0.061577,0.00581
Hospital_1,412,3,3,0.0,0.0,0.0,0.999897,0.000103,0.0
Hospital_1,413,3,3,0.0,0.0,0.0,0.999993,7e-06,0.0
Hospital_1,414,4,4,5.1e-05,2.6e-05,9e-06,0.453774,0.545911,0.000229
Hospital_1,415,5,3,0.036216,0.005859,0.001007,0.388172,0.264957,0.303789
Hospital_1,416,3,3,0.0,0.0,1e-06,0.999898,0.000101,0.0
Hospital_1,417,4,4,0.000411,7.1e-05,2e-05,0.299253,0.699647,0.000598
Hospital_1,418,3,3,0.0,0.0,0.0,0.999997,3e-06,0.0
Hospital_1,419,0,0,0.435119,0.000445,0.002026,0.425108,0.111139,0.026164
Hospital_1,420,2,0,0.336608,0.097991,0.193626,0.140995,0.186784,0.043996
Hospital_1,421,3,3,0.0,0.0,0.0,0.999998,2e-06,0.0
Hospital_1,422,4,3,2.9e-05,1e-05,7e-06,0.811253,0.188638,6.3e-05
Hospital_1,423,5,3,0.000718,0.005739,0.023929,0.760358,0.03514,0.174116
Hospital_1,424,0,0,0.964116,0.002897,0.003227,0.009022,0.015453,0.005285
Hospital_1,425,5,3,0.00126,0.012576,0.058662,0.426091,0.081878,0.419533
Hospital_1,426,5,5,0.005465,0.043176,0.062489,0.272822,0.143506,0.472541
Hospital_1,427,3,3,0.0,0.0,0.0,0.999995,5e-06,0.0
Hospital_1,428,0,0,0.736733,0.017701,0.043897,0.068628,0.081893,0.051148
Hospital_1,429,3,3,0.0,0.0,0.0,0.99999,1e-05,0.0
Hospital_1,430,2,3,0.081217,0.091701,0.166239,0.393835,0.228844,0.038164
Hospital_1,431,1,1,0.006935,0.987364,0.000919,0.000884,0.00381,8.7e-05
Hospital_1,432,5,0,0.470302,0.036376,0.005,0.095688,0.242382,0.150252
Hospital_1,433,4,3,3.4e-05,1.8e-05,8e-06,0.626576,0.373274,9.1e-05
Hospital_1,434,2,1,0.181704,0.655542,0.073735,0.018984,0.068329,0.001705
Hospital_1,435,3,3,0.0,0.0,0.0,1.0,0.0,0.0
Hospital_1,436,0,0,0.837034,0.07034,0.022071,0.018111,0.037597,0.014847
Hospital_1,437,2,0,0.379312,0.259037,0.120245,0.069583,0.160961,0.010862
Hospital_1,438,3,3,0.0,0.0,0.0,1.0,0.0,0.0
Hospital_1,439,1,1,0.172506,0.665501,0.04601,0.026488,0.082422,0.007074
Hospital_1,440,0,0,0.968594,0.006216,0.009513,0.005997,0.006532,0.003147
Hospital_1,441,4,3,2.8e-05,1.4e-05,6e-06,0.814531,0.185376,4.5e-05
Hospital_1,442,0,0,0.836414,0.034447,0.030963,0.02623,0.058538,0.013408
Hospital_1,443,3,3,0.0,0.0,0.0,1.0,0.0,0.0
Hospital_1,444,5,0,0.432004,0.153401,0.030669,0.168636,0.124057,0.091232
Hospital_1,445,5,5,0.212851,0.017323,0.001974,0.19579,0.238336,0.333726
Hospital_1,446,0,0,0.793002,0.023231,0.043641,0.03891,0.069428,0.031788
Hospital_1,447,4,3,0.000114,4e-05,1.1e-05,0.583266,0.416453,0.000116
Hospital_1,448,5,3,0.002074,0.01041,0.060589,0.605667,0.071893,0.249366
Hospital_1,449,4,4,0.000151,4.1e-05,1.6e-05,0.40204,0.597554,0.000199
Hospital_1,450,1,1,0.005355,0.99159,0.000804,0.000554,0.001631,6.6e-05
Hospital_1,451,4,3,0.000148,6.3e-05,3e-05,0.578705,0.420823,0.000231
Hospital_1,452,1,1,0.075535,0.861215,0.029013,0.008198,0.024896,0.001144
Hospital_1,453,5,5,0.005388,0.031951,0.066597,0.350015,0.091948,0.454101
Hospital_1,454,5,4,0.144288,0.003386,0.003506,0.28839,0.365195,0.195235
Hospital_1,455,2,1,0.145952,0.53642,0.155891,0.046003,0.111435,0.004299
Hospital_1,456,2,2,0.209119,0.230998,0.244917,0.103822,0.166245,0.0449
Hospital_1,457,5,5,0.005928,0.023058,0.004996,0.399475,0.067435,0.499108
Hospital_1,458,0,0,0.92456,0.009675,0.010885,0.020547,0.021908,0.012425
Hospital_1,459,2,1,0.17827,0.34129,0.149776,0.105891,0.206085,0.018688
Hospital_1,460,4,3,8.9e-05,3.3e-05,1e-05,0.594665,0.405093,0.000109
Hospital_1,461,3,3,0.0,0.0,0.0,0.999986,1.4e-05,0.0
Hospital_1,462,1,1,0.16983,0.408247,0.037569,0.055503,0.317411,0.01144
Hospital_1,463,3,3,0.0,0.0,0.0,0.999999,1e-06,0.0
Hospital_1,464,4,4,0.054034,9.9e-05,0.000128,0.097397,0.823206,0.025136
Hospital_1,465,5,5,0.000698,0.008408,0.027592,0.3738,0.095303,0.4942
Hospital_1,466,1,1,0.151332,0.731817,0.034871,0.019156,0.057652,0.005172
Hospital_1,467,0,0,0.992974,0.00037,0.00029,0.002107,0.002684,0.001575
Hospital_1,468,2,1,0.215772,0.362408,0.180343,0.074219,0.139455,0.027802
Hospital_1,469,1,1,0.126652,0.801392,0.021437,0.011016,0.037344,0.002159
Hospital_1,470,2,1,0.350149,0.387001,0.106639,0.044793,0.10294,0.008479
Hospital_1,471,1,1,0.078349,0.858413,0.017487,0.010301,0.033278,0.002172
Hospital_1,472,4,3,0.000169,4.7e-05,1.9e-05,0.59925,0.400381,0.000135
Hospital_1,473,4,3,9.3e-05,4.6e-05,1.4e-05,0.785367,0.21441,7e-05
Hospital_1,474,3,3,0.0,0.0,0.0,0.999999,1e-06,0.0
Hospital_1,475,4,4,0.000297,5.1e-05,1.1e-05,0.194045,0.80535,0.000246
Hospital_1,476,0,0,0.713416,0.172063,0.06683,0.018159,0.025086,0.004445
Hospital_1,477,1,1,0.032745,0.95191,0.005591,0.002029,0.007438,0.000287
Hospital_1,478,0,0,0.951972,0.007243,0.010883,0.008079,0.013084,0.00874
Hospital_1,479,4,3,4.2e-05,1.6e-05,4e-06,0.690896,0.308999,4.3e-05
Hospital_1,480,3,3,0.0,0.0,0.0,0.999999,1e-06,0.0
Hospital_1,481,1,1,0.027955,0.953405,0.007659,0.003289,0.007312,0.00038
Hospital_1,482,5,4,0.213284,0.052585,0.045252,0.147882,0.313103,0.227894
Hospital_1,483,2,1,0.245783,0.262851,0.175398,0.101011,0.187055,0.027903
Hospital_1,484,3,3,0.0,0.0,0.0,0.999997,3e-06,0.0
Hospital_1,485,1,1,0.054494,0.864582,0.027372,0.016027,0.035178,0.002346
Hospital_1,486,5,4,0.208719,0.002079,0.001759,0.161031,0.365411,0.261
Hospital_1,487,2,0,0.259753,0.206494,0.200665,0.100903,0.188337,0.043847
Hospital_1,488,4,3,4.4e-05,1.6e-05,5e-06,0.711025,0.288861,5e-05
Hospital_1,489,4,3,7.5e-05,2.2e-05,9e-06,0.622387,0.377425,8.2e-05
Hospital_1,490,0,0,0.939121,0.003264,0.006402,0.025557,0.014007,0.011648
Hospital_1,491,0,0,0.835006,0.03178,0.030224,0.032107,0.050385,0.020498
Hospital_1,492,5,5,0.002692,0.016494,0.019895,0.379674,0.132535,0.44871
Hospital_1,493,3,3,0.0,0.0,0.0,0.998928,0.001072,0.0
Hospital_1,494,3,3,0.0,0.0,0.0,0.999946,5.4e-05,0.0
Hospital_1,495,3,3,0.0,0.0,0.0,1.0,0.0,0.0
Hospital_1,496,5,0,0.350386,0.123425,0.120046,0.10523,0.164785,0.136129
Hospital_1,497,3,3,0.0,0.0,0.0,0.999896,0.000104,0.0
Hospital_1,498,3,3,0.0,0.0,0.0,0.999912,8.8e-05,0.0
Hospital_1,499,1,1,0.043421,0.919568,0.011115,0.007378,0.016444,0.002073
Hospital_1,500,0,0,0.34977,0.014503,0.045848,0.268807,0.21924,0.101832
Hospital_1,501,1,1,0.046392,0.9356,0.004484,0.003152,0.00988,0.000491
Hospital_1,502,0,0,0.41954,0.14857,0.180611,0.065354,0.143692,0.042232
Hospital_1,503,2,1,0.208547,0.294639,0.190011,0.09721,0.18866,0.020932
Hospital_1,504,4,3,9.7e-05,4.9e-05,3.2e-05,0.776755,0.222932,0.000134
Hospital_1,505,3,3,0.0,0.0,0.0,0.999998,2e-06,0.0
Hospital_1,506,3,3,0.0,0.0,1e-06,0.989605,0.010393,1e-06
Hospital_1,507,3,3,0.0,0.0,0.0,1.0,0.0,0.0
Hospital_1,508,4,3,1.8e-05,9e-06,3e-06,0.777929,0.222016,2.6e-05
Hospital_1,509,0,0,0.835201,0.008344,0.018973,0.04199,0.082357,0.013135
Hospital_1,510,4,3,1.9e-05,1e-05,3e-06,0.822649,0.177294,2.5e-05
Hospital_1,511,2,0,0.363117,0.350651,0.111883,0.044966,0.122992,0.00639
Hospital_1,512,3,3,0.0,0.0,0.0,0.999998,2e-06,0.0
Hospital_1,513,4,4,0.000682,0.000165,5e-05,0.249363,0.749192,0.000549
Hospital_1,514,2,0,0.308706,0.122952,0.187857,0.141759,0.196191,0.042535
Hospital_1,515,4,3,0.0,0.0,1e-06,0.592968,0.406989,4.2e-05
Hospital_1,516,0,0,0.950987,0.021343,0.011954,0.005391,0.00687,0.003456
Hospital_1,517,1,1,0.083227,0.864821,0.014277,0.008693,0.027161,0.001821
Hospital_1,518,2,3,0.110841,0.078664,0.174778,0.306897,0.285344,0.043475
Hospital_1,519,5,3,0.013868,0.072823,0.016656,0.39979,0.153004,0.343859
Hospital_1,520,1,1,0.011086,0.979103,0.003312,0.001968,0.004229,0.000302
Hospital_1,521,0,0,0.978058,0.003099,0.002648,0.00453,0.0081,0.003565
Hospital_1,522,3,3,0.0,0.0,0.0,0.999925,7.5e-05,0.0
Hospital_1,523,2,2,0.213239,0.140343,0.248366,0.133223,0.197034,0.067795
Hospital_1,524,1,1,0.044415,0.88951,0.020391,0.01313,0.028869,0.003685
Hospital_1,525,2,2,0.189918,0.18109,0.225302,0.146158,0.223833,0.0337
Hospital_1,526,5,5,0.163072,0.03148,0.001194,0.305273,0.147983,0.350998
Hospital_1,527,2,1,0.296255,0.334795,0.149652,0.066976,0.138194,0.014127
Hospital_1,528,4,4,5.6e-05,1.1e-05,2e-06,0.208538,0.791305,8.9e-05
Hospital_1,529,3,3,0.0,0.0,0.0,1.0,0.0,0.0
Hospital_1,530,4,4,0.046225,0.003383,0.002777,0.244553,0.681173,0.021889
Hospital_1,531,2,2,0.108952,0.155975,0.268056,0.193911,0.210903,0.062202
Hospital_1,532,5,5,0.152977,0.208513,0.026239,0.181041,0.204121,0.22711
Hospital_1,533,5,5,0.000342,0.006713,0.006721,0.36535,0.164291,0.456583
Hospital_1,534,4,4,5.7e-05,1.3e-05,6e-06,0.189259,0.810372,0.000293
Hospital_1,535,3,3,0.0,0.0,0.0,0.999998,2e-06,0.0
Hospital_1,536,5,3,0.007572,0.032794,0.05851,0.344208,0.231913,0.325004
Hospital_1,537,5,5,0.013396,0.046542,0.154731,0.324283,0.122599,0.338448
Hospital_1,538,0,0,0.799152,0.045696,0.051239,0.049607,0.035148,0.019158
Hospital_1,539,0,0,0.844258,0.020803,0.056267,0.024628,0.038963,0.015081
Hospital_1,540,5,5,0.003256,0.027372,0.054821,0.329212,0.144286,0.441053
Hospital_1,541,3,3,0.0,0.0,0.0,0.999998,2e-06,0.0
Hospital_1,542,2,4,0.20887,0.180221,0.174304,0.134537,0.258126,0.043941
Hospital_1,543,3,3,0.0,0.0,0.0,0.999993,6e-06,0.0
Hospital_1,544,5,0,0.458633,0.003028,0.004609,0.150117,0.194422,0.189191
Hospital_1,545,3,3,0.0,0.0,0.0,0.999989,1.1e-05,0.0
Hospital_1,546,1,1,0.047921,0.922758,0.007482,0.004403,0.016787,0.000648
Hospital_1,547,5,5,0.057635,0.007246,0.000902,0.356054,0.19941,0.378753
Hospital_1,548,1,1,0.06171,0.901293,0.008268,0.005424,0.022524,0.000781
Hospital_1,549,4,4,0.000161,2.9e-05,7e-06,0.225423,0.77422,0.00016
Hospital_1,550,0,0,0.721599,0.008819,0.025536,0.069868,0.145912,0.028265
Hospital_1,551,1,1,0.031994,0.927139,0.013842,0.007491,0.018404,0.001129
Hospital_1,552,2,4,0.130608,0.13291,0.209462,0.237304,0.249436,0.04028
Hospital_1,553,3,3,0.0,0.0,0.0,1.0,0.0,0.0
Hospital_1,554,5,3,0.000995,0.004476,0.00283,0.556791,0.349907,0.085
Hospital_1,555,3,3,0.0,0.0,0.0,0.999154,0.000846,0.0
Hospital_1,556,2,1,0.257862,0.285906,0.190282,0.093998,0.150711,0.021241
Hospital_1,557,1,1,0.017694,0.970995,0.003668,0.002141,0.005153,0.00035
Hospital_1,558,1,1,0.027506,0.942693,0.010072,0.006269,0.011851,0.001609
Hospital_1,559,3,3,0.0,0.0,0.0,0.999974,2.6e-05,0.0
Hospital_1,560,1,1,0.088523,0.819866,0.016135,0.01526,0.056624,0.00359
Hospital_1,561,2,3,0.075936,0.085069,0.185515,0.365282,0.251135,0.037064
Hospital_1,562,2,0,0.384653,0.288802,0.127092,0.051035,0.128982,0.019436
Hospital_1,563,5,3,0.082092,0.000707,0.000161,0.429411,0.366453,0.121177
Hospital_1,564,2,1,0.191018,0.382522,0.163128,0.08543,0.160951,0.016951
Hospital_1,565,5,3,0.092835,0.009899,0.000612,0.4056,0.13888,0.352174
Hospital_1,566,2,1,0.17765,0.460257,0.13523,0.072646,0.144261,0.009956
Hospital_1,567,1,1,0.196098,0.513728,0.03343,0.048582,0.20045,0.007711
Hospital_1,568,2,3,0.071117,0.098277,0.263348,0.275885,0.228399,0.062974
Hospital_1,569,1,1,0.156161,0.692013,0.022493,0.025445,0.098175,0.005714
Hospital_1,570,5,0,0.467959,0.007427,0.001572,0.278443,0.086653,0.157946
Hospital_1,571,0,0,0.895201,0.020786,0.022944,0.019139,0.034037,0.007893
Hospital_1,572,2,1,0.183225,0.377118,0.202395,0.076761,0.139014,0.021488
Hospital_1,573,4,4,4.5e-05,9e-06,2e-06,0.229551,0.770306,8.7e-05
Hospital_1,574,2,1,0.174855,0.363643,0.177372,0.08887,0.178282,0.016978
Hospital_1,575,5,3,0.016665,0.003573,0.000624,0.466999,0.222652,0.289487
Hospital_1,576,0,0,0.758953,0.005254,0.009208,0.053132,0.139729,0.033724
Hospital_1,577,4,4,0.008819,0.000873,0.001173,0.317997,0.652389,0.018748
Hospital_1,578,0,0,0.969298,0.008132,0.004762,0.005351,0.009042,0.003415
Hospital_1,579,0,0,0.942046,0.004218,0.003394,0.011064,0.031069,0.00821
Hospital_1,580,2,0,0.311138,0.213751,0.195378,0.092371,0.146649,0.040713
Hospital_1,581,2,1,0.15182,0.702356,0.069747,0.018141,0.056365,0.001572
Hospital_1,582,4,3,0.000128,0.000181,0.000155,0.559666,0.438845,0.001025
Hospital_1,583,0,0,0.944715,0.007459,0.009716,0.014516,0.018404,0.00519
Hospital_1,584,4,3,6.3e-05,3.2e-05,1.3e-05,0.760386,0.239417,8.8e-05
Hospital_1,585,1,1,0.066932,0.869464,0.023329,0.010602,0.02737,0.002303
Hospital_1,586,4,3,2.6e-05,1.6e-05,9e-06,0.849669,0.150241,3.9e-05
Hospital_1,587,4,3,0.000111,0.000114,0.000189,0.700262,0.298318,0.001006
Hospital_1,588,2,0,0.339485,0.189009,0.144842,0.099345,0.210934,0.016386
Hospital_1,589,4,4,0.000125,3.3e-05,1e-05,0.288017,0.711593,0.000222
Hospital_1,590,3,3,0.0,0.0,0.0,0.999999,1e-06,0.0
Hospital_1,591,3,3,0.0,0.0,0.0,1.0,0.0,0.0
Hospital_1,592,1,1,0.043272,0.911354,0.015483,0.008924,0.019019,0.001947
Hospital_1,593,2,1,0.19039,0.368886,0.132368,0.084861,0.210843,0.012653
Hospital_1,594,3,3,0.0,0.0,0.0,0.999997,3e-06,0.0
