hospital,imagen_idx,y_true,y_pred,prob_0,prob_1,prob_2,prob_3,prob_4,prob_5
Hospital_1,0,5,5,0.003106,0.07744,0.002396,0.010398,0.007288,0.899372
Hospital_1,1,4,3,0.0,0.0,1e-06,0.858665,0.141333,1e-06
Hospital_1,2,0,0,0.961475,0.003162,0.007549,0.003986,0.015332,0.008495
Hospital_1,3,4,4,2e-06,4e-06,0.0,0.009741,0.990189,6.3e-05
Hospital_1,4,3,3,0.0,0.0,0.0,0.999999,1e-06,0.0
Hospital_1,5,3,3,0.0,0.0,0.0,0.999988,1.2e-05,0.0
Hospital_1,6,1,1,0.00177,0.99217,0.000439,0.000571,0.001176,0.003874
Hospital_1,7,4,4,0.0,1e-06,0.0,0.021007,0.978976,1.6e-05
Hospital_1,8,4,4,2e-06,6e-06,1e-06,0.008236,0.991686,7.1e-05
Hospital_1,9,4,4,2e-06,8e-06,1e-06,0.036775,0.963159,5.4e-05
Hospital_1,10,1,1,0.000404,0.999389,3.5e-05,2.4e-05,4.7e-05,0.000101
Hospital_1,11,5,1,0.063277,0.637569,0.022837,0.044456,0.075993,0.155868
Hospital_1,12,1,1,0.002007,0.995022,0.000454,0.000463,0.000941,0.001112
Hospital_1,13,3,3,0.0,0.0,0.0,0.999897,0.000103,0.0
Hospital_1,14,5,5,0.000256,0.000824,0.0,0.001838,0.042431,0.954651
Hospital_1,15,3,3,0.0,0.0,0.0,0.999994,6e-06,0.0
Hospital_1,16,1,1,0.000321,0.999366,4.8e-05,3.6e-05,7.1e-05,0.000158
Hospital_1,17,3,3,0.0,0.0,0.0,0.999988,1.2e-05,0.0
Hospital_1,18,0,0,0.981299,0.001143,0.008459,0.002142,0.005461,0.001496
Hospital_1,19,3,3,0.0,0.0,0.0,1.0,0.0,0.0
Hospital_1,20,0,0,0.993298,9.8e-05,7.2e-05,0.000984,0.003505,0.002043
Hospital_1,21,5,5,0.007773,0.006418,3.9e-05,0.009452,0.137744,0.838576
Hospital_1,22,4,4,0.0,0.0,0.0,0.003367,0.996597,3.5e-05
Hospital_1,23,2,2,0.049363,0.004723,0.927016,0.011982,0.006206,0.00071
Hospital_1,24,4,4,7e-06,4e-06,0.0,0.015639,0.984261,8.8e-05
Hospital_1,25,5,5,0.000183,0.001218,0.000161,0.005409,0.004432,0.988597
Hospital_1,26,3,3,0.0,0.0,0.0,0.999952,4.8e-05,0.0
Hospital_1,27,4,4,3e-06,6e-06,1e-06,0.041732,0.958087,0.000171
Hospital_1,28,3,3,0.0,0.0,0.0,0.99996,4e-05,0.0
Hospital_1,29,4,4,0.0,0.0,0.0,0.003844,0.996145,1.1e-05
Hospital_1,30,5,5,0.040175,0.073109,0.011766,0.165112,0.118299,0.59154
Hospital_1,31,2,2,0.017701,0.004708,0.917892,0.049487,0.009874,0.000338
Hospital_1,32,1,1,0.011595,0.937397,0.001715,0.00597,0.014112,0.02921
Hospital_1,33,3,3,0.0,0.0,0.0,0.999999,1e-06,0.0
Hospital_1,34,1,1,0.000372,0.999354,5.8e-05,3.3e-05,7.2e-05,0.000112
Hospital_1,35,5,5,0.003411,0.004406,5e-06,0.007799,0.132682,0.851697
Hospital_1,36,3,3,0.0,0.0,0.0,0.999988,1.2e-05,0.0
Hospital_1,37,2,2,0.091625,0.005743,0.894239,0.004402,0.003647,0.000343
Hospital_1,38,0,0,0.991114,0.000446,0.002908,0.001414,0.00284,0.001278
Hospital_1,39,3,3,0.0,0.0,0.0,0.999945,5.5e-05,0.0
Hospital_1,40,2,2,0.049059,0.005014,0.835598,0.068075,0.039713,0.002542
Hospital_1,41,5,5,0.007586,0.02611,0.000103,0.038536,0.173922,0.753744
Hospital_1,42,4,4,1e-06,1e-06,0.0,0.005698,0.994235,6.6e-05
Hospital_1,43,1,1,0.002486,0.996911,0.000189,6.8e-05,0.000217,0.000129
Hospital_1,44,4,4,1.1e-05,3.5e-05,9e-06,0.237115,0.762685,0.000145
Hospital_1,45,5,5,0.000753,0.001405,1e-06,0.002039,0.146878,0.848924
Hospital_1,46,3,3,0.0,0.0,0.0,0.999993,7e-06,0.0
Hospital_1,47,2,2,0.068559,0.006755,0.905247,0.010526,0.008646,0.000266
Hospital_1,48,0,0,0.990316,0.00075,0.004994,0.000778,0.001935,0.001226
Hospital_1,49,1,1,0.000457,0.998916,5.1e-05,5.3e-05,0.000136,0.000387
Hospital_1,50,0,0,0.994475,0.000666,0.001342,0.00064,0.001345,0.001532
Hospital_1,51,4,4,0.000663,0.003196,0.000832,0.320612,0.671754,0.002943
Hospital_1,52,5,5,8.6e-05,0.000667,0.000269,0.005034,0.00108,0.992863
Hospital_1,53,4,4,1e-06,2e-06,0.0,0.007081,0.992874,4.2e-05
Hospital_1,54,2,2,0.145726,0.006202,0.810419,0.022092,0.013073,0.002486
Hospital_1,55,1,1,8.4e-05,0.999897,4e-06,2e-06,6e-06,6e-06
Hospital_1,56,4,4,1e-06,1e-06,0.0,0.018728,0.981251,1.9e-05
Hospital_1,57,4,4,1e-06,2e-06,0.0,0.006183,0.993771,4.1e-05
Hospital_1,58,4,4,0.0,0.0,0.0,0.006824,0.993129,4.6e-05
Hospital_1,59,4,4,0.000147,3.8e-05,0.0,0.006956,0.973117,0.019741
Hospital_1,60,2,2,0.023451,0.001405,0.917953,0.049814,0.006932,0.000445
Hospital_1,61,0,0,0.991626,0.000133,0.000428,0.001708,0.004787,0.001318
Hospital_1,62,0,0,0.982589,0.000698,0.001625,0.001766,0.008897,0.004425
Hospital_1,63,4,4,0.047586,0.002325,0.002462,0.218572,0.692822,0.036232
Hospital_1,64,5,5,0.000931,0.010038,1.4e-05,0.00402,0.061568,0.923429
Hospital_1,65,2,2,0.057884,0.003645,0.886614,0.034502,0.015823,0.001532
Hospital_1,66,4,4,1e-06,1e-06,0.0,0.233173,0.766807,1.7e-05
Hospital_1,67,1,1,0.000143,0.999812,1.1e-05,5e-06,1e-05,1.9e-05
Hospital_1,68,1,1,0.002058,0.988747,0.00053,0.000669,0.001822,0.006174
Hospital_1,69,5,5,0.000323,0.002683,0.000266,0.00463,0.002397,0.989701
Hospital_1,70,4,4,0.0,0.0,0.0,0.006944,0.993035,2e-05
Hospital_1,71,3,3,0.0,0.0,0.0,0.999987,1.4e-05,0.0
Hospital_1,72,5,5,0.000793,0.015841,0.000193,0.024526,0.068029,0.890619
Hospital_1,73,4,4,1e-06,1e-06,0.0,0.012208,0.987754,3.6e-05
Hospital_1,74,4,3,0.0,0.0,1e-06,0.90682,0.093179,0.0
Hospital_1,75,2,2,0.01519,0.001584,0.954696,0.021502,0.005344,0.001683
Hospital_1,76,3,3,0.0,0.0,2e-06,0.999705,0.000294,0.0
Hospital_1,77,0,0,0.99263,0.001395,0.002241,0.000737,0.00182,0.001177
Hospital_1,78,2,2,0.043413,0.002785,0.926371,0.02057,0.006114,0.000747
Hospital_1,79,3,3,0.0,0.0,0.0,0.999959,4.1e-05,0.0
Hospital_1,80,1,1,0.002769,0.99266,0.000505,0.000743,0.001655,0.001669
Hospital_1,81,0,0,0.965847,0.029741,0.00165,0.000386,0.000845,0.001531
Hospital_1,82,0,0,0.956391,0.001759,0.004328,0.004248,0.01712,0.016154
Hospital_1,83,5,5,0.000147,0.002412,5e-06,0.005721,0.078713,0.913002
Hospital_1,84,5,5,0.000451,0.002866,0.001696,0.023517,0.013393,0.958076
Hospital_1,85,5,5,1.7e-05,0.000236,0.000183,0.005564,0.001009,0.99299
Hospital_1,86,1,1,0.000972,0.998203,0.000132,8.9e-05,0.000236,0.000368
Hospital_1,87,2,2,0.035555,0.002808,0.928021,0.023484,0.00878,0.001352
Hospital_1,88,1,1,0.000676,0.998722,0.000117,7.4e-05,0.000151,0.000261
Hospital_1,89,1,1,7.4e-05,0.999881,7e-06,4e-06,1e-05,2.3e-05
Hospital_1,90,5,5,0.001011,0.005648,0.000181,0.004892,0.00479,0.983477
Hospital_1,91,5,1,0.079392,0.510368,0.021001,0.049075,0.102988,0.237175
Hospital_1,92,0,0,0.973289,0.002064,0.003611,0.002871,0.011481,0.006684
Hospital_1,93,4,4,3e-06,3e-06,0.0,0.056659,0.943265,7e-05
Hospital_1,94,5,5,0.002317,0.016881,0.003023,0.020532,0.008091,0.949156
Hospital_1,95,3,3,0.0,0.0,0.0,0.999998,1e-06,0.0
Hospital_1,96,5,5,0.000905,0.004846,0.000158,0.050688,0.152953,0.790451
Hospital_1,97,2,2,0.382157,0.011181,0.584517,0.00744,0.014197,0.000508
Hospital_1,98,1,1,0.011563,0.940352,0.003705,0.006761,0.0178,0.019821
Hospital_1,99,5,5,1.5e-05,0.000125,9.5e-05,0.003894,0.00085,0.99502
Hospital_1,100,0,0,0.979254,0.019137,0.00061,0.00018,0.000462,0.000357
Hospital_1,101,2,2,0.097725,0.002316,0.849994,0.032532,0.016142,0.001292
Hospital_1,102,0,0,0.954,0.002372,0.001316,0.002937,0.010203,0.029173
Hospital_1,103,2,2,0.050661,0.00318,0.925597,0.013133,0.006085,0.001344
Hospital_1,104,1,1,0.001451,0.998119,6.3e-05,6.5e-05,0.000113,0.000189
Hospital_1,105,5,5,8e-06,3.1e-05,0.0,0.002392,0.197012,0.800557
Hospital_1,106,4,4,0.0,0.0,0.0,0.020395,0.979601,4e-06
Hospital_1,107,4,4,0.0,0.0,0.0,0.004494,0.995483,2.2e-05
Hospital_1,108,4,4,0.0,0.0,0.0,0.022199,0.977793,8e-06
Hospital_1,109,0,0,0.979008,0.00248,0.008835,0.002868,0.004971,0.001838
Hospital_1,110,0,0,0.886209,0.064173,0.043535,0.001467,0.00263,0.001986
Hospital_1,111,1,1,0.000523,0.999058,7.8e-05,5.1e-05,0.00012,0.000171
Hospital_1,112,3,3,0.0,0.0,0.0,0.999964,3.6e-05,0.0
Hospital_1,113,3,3,0.0,0.0,0.0,0.999835,0.000165,0.0
Hospital_1,114,5,5,0.022618,0.063486,0.000944,0.019614,0.097964,0.795374
Hospital_1,115,5,3,0.000637,0.003519,0.029132,0.57222,0.06157,0.332923
Hospital_1,116,4,4,0.0,0.0,0.0,0.008389,0.991593,1.7e-05
Hospital_1,117,3,3,0.0,0.0,0.0,0.999999,1e-06,0.0
Hospital_1,118,1,1,0.00563,0.980998,0.001228,0.001567,0.002613,0.007964
Hospital_1,119,0,0,0.969199,0.002031,0.003853,0.003242,0.014932,0.006744
Hospital_1,120,4,4,1e-06,3e-06,0.0,0.079425,0.920537,3.4e-05
Hospital_1,121,3,3,0.0,0.0,0.0,0.999975,2.5e-05,0.0
Hospital_1,122,4,4,0.0,0.0,0.0,0.022134,0.977859,7e-06
Hospital_1,123,5,5,4.3e-05,0.000373,0.000579,0.006627,0.000773,0.991605
Hospital_1,124,5,5,3.4e-05,0.00054,3e-06,0.008084,0.039994,0.951346
Hospital_1,125,4,4,0.0,0.0,0.0,0.004702,0.995288,1e-05
Hospital_1,126,0,0,0.968136,0.000419,0.001287,0.005396,0.015074,0.009687
Hospital_1,127,1,1,0.001007,0.997127,0.0002,0.000167,0.0004,0.0011
Hospital_1,128,2,2,0.036764,0.004112,0.949438,0.006407,0.003097,0.000182
Hospital_1,129,1,1,0.00023,0.999368,7e-06,2.4e-05,7.6e-05,0.000296
Hospital_1,130,4,4,1e-06,1e-06,0.0,0.035916,0.964055,2.7e-05
Hospital_1,131,2,2,0.263287,0.005552,0.690393,0.019406,0.020017,0.001345
Hospital_1,132,0,0,0.985879,0.00179,0.002392,0.001858,0.004729,0.003351
Hospital_1,133,4,4,0.0,1e-06,0.0,0.057217,0.942763,1.9e-05
Hospital_1,134,2,2,0.010501,0.00089,0.92218,0.052692,0.012983,0.000754
Hospital_1,135,5,5,0.009746,0.046851,0.000639,0.025804,0.130582,0.786377
Hospital_1,136,0,0,0.964851,0.004183,0.015406,0.00353,0.008394,0.003637
Hospital_1,137,3,3,0.0,0.0,0.0,0.999978,2.2e-05,0.0
Hospital_1,138,5,5,1.2e-05,0.000347,6e-06,0.00343,0.003908,0.992297
Hospital_1,139,5,5,0.000582,0.003648,1e-06,0.002078,0.036224,0.957468
Hospital_1,140,4,4,1e-06,2e-06,0.0,0.013249,0.986721,2.6e-05
Hospital_1,141,0,0,0.995699,0.00014,0.00031,0.000324,0.002356,0.001172
Hospital_1,142,0,0,0.971578,0.000784,0.001757,0.002665,0.017394,0.005823
Hospital_1,143,2,2,0.061661,0.003254,0.913324,0.012649,0.00776,0.001352
Hospital_1,144,4,4,2e-06,1e-06,0.0,0.002223,0.997641,0.000133
Hospital_1,145,4,4,0.0,1e-06,0.0,0.00628,0.993707,1.2e-05
Hospital_1,146,2,2,0.011569,0.001379,0.954242,0.026417,0.004806,0.001587
Hospital_1,147,2,2,0.014231,0.002247,0.924037,0.046828,0.010468,0.00219
Hospital_1,148,4,4,6.9e-05,7.2e-05,1.5e-05,0.158801,0.838732,0.00231
Hospital_1,149,5,5,0.000316,0.001677,7.6e-05,0.003762,0.004022,0.990147
Hospital_1,150,0,0,0.979099,0.000795,0.002305,0.002558,0.011639,0.003604
Hospital_1,151,0,0,0.968147,0.003112,0.004974,0.003834,0.011924,0.008009
Hospital_1,152,1,1,0.001562,0.996817,0.000225,0.000204,0.000345,0.000847
Hospital_1,153,0,0,0.968877,0.00313,0.005473,0.004977,0.008756,0.008787
Hospital_1,154,5,5,5.5e-05,0.00114,2e-06,0.003359,0.00685,0.988594
Hospital_1,155,5,5,0.000244,0.002264,0.003132,0.01935,0.003796,0.971213
Hospital_1,156,2,2,0.035832,0.002817,0.936055,0.017455,0.006128,0.001714
Hospital_1,157,3,3,0.0,0.0,0.0,0.999961,3.9e-05,0.0
Hospital_1,158,2,2,0.081579,0.003231,0.893546,0.012907,0.007979,0.000758
Hospital_1,159,4,4,0.0,0.0,0.0,0.002178,0.997806,1.5e-05
Hospital_1,160,4,4,7.1e-05,1.8e-05,1e-06,0.004041,0.989164,0.006705
Hospital_1,161,4,4,0.0,2e-06,0.0,0.045309,0.954673,1.6e-05
Hospital_1,162,3,3,0.0,0.0,0.0,0.999998,2e-06,0.0
Hospital_1,163,4,4,1e-06,2e-06,1e-06,0.254572,0.745401,2.3e-05
Hospital_1,164,4,4,0.0,0.0,0.0,0.027295,0.972676,2.9e-05
Hospital_1,165,2,2,0.029865,0.0022,0.925373,0.033746,0.007882,0.000934
Hospital_1,166,5,5,0.006741,0.022618,3.9e-05,0.003715,0.10065,0.866237
Hospital_1,167,0,0,0.992229,0.000651,0.001,0.000785,0.002435,0.0029
Hospital_1,168,1,1,0.002251,0.993942,0.00029,0.000516,0.001249,0.001751
Hospital_1,169,1,1,0.001898,0.993608,0.000386,0.000565,0.001233,0.00231
Hospital_1,170,3,3,0.0,0.0,0.0,0.999995,5e-06,0.0
Hospital_1,171,3,3,0.0,0.0,0.0,0.999992,8e-06,0.0
Hospital_1,172,0,0,0.991264,0.001137,0.001727,0.000829,0.002222,0.002821
Hospital_1,173,1,1,0.007568,0.966099,0.00276,0.004675,0.009631,0.009268
Hospital_1,174,5,5,0.000125,0.000679,2e-06,0.001022,0.005297,0.992875
Hospital_1,175,2,2,0.242007,0.006594,0.670108,0.034012,0.041975,0.005304
Hospital_1,176,3,3,0.0,0.0,0.0,0.999991,9e-06,0.0
Hospital_1,177,0,0,0.991961,0.004887,0.001543,0.000268,0.000738,0.000604
Hospital_1,178,4,4,2e-06,2e-06,1e-06,0.181339,0.818629,2.8e-05
Hospital_1,179,2,2,0.01612,0.002268,0.915033,0.055909,0.008807,0.001862
Hospital_1,180,0,0,0.989738,0.001058,0.001918,0.001491,0.003439,0.002357
Hospital_1,181,4,4,0.0,1e-06,0.0,0.003332,0.996631,3.5e-05
Hospital_1,182,0,0,0.953022,0.034002,0.00983,0.000643,0.001477,0.001026
Hospital_1,183,0,0,0.834011,0.039704,0.096507,0.006122,0.011198,0.012457
Hospital_1,184,5,5,0.005258,0.000699,2e-06,0.003607,0.216807,0.773627
Hospital_1,185,4,4,0.0,1e-06,0.0,0.008798,0.991183,1.8e-05
Hospital_1,186,5,5,8.2e-05,0.001876,2.7e-05,0.004894,0.005664,0.987457
Hospital_1,187,2,2,0.083702,0.003767,0.884919,0.019187,0.007444,0.000981
Hospital_1,188,0,0,0.9838,0.000607,0.003643,0.003079,0.00625,0.002621
Hospital_1,189,3,3,0.0,0.0,0.0,0.999907,9.3e-05,0.0
Hospital_1,190,0,0,0.954138,0.00107,0.00635,0.007204,0.023787,0.007452
Hospital_1,191,1,1,9.8e-05,0.999865,6e-06,3e-06,9e-06,1.8e-05
Hospital_1,192,1,1,0.003864,0.985987,0.001078,0.001763,0.003479,0.003829
Hospital_1,193,0,0,0.99609,0.000138,0.000147,0.00041,0.001753,0.001462
Hospital_1,194,1,1,0.00037,0.999398,3.9e-05,2.5e-05,5.6e-05,0.000112
Hospital_1,195,4,4,0.0,1e-06,0.0,0.002767,0.997199,3.3e-05
Hospital_1,196,0,0,0.912633,0.070464,0.00501,0.000695,0.003647,0.007552
Hospital_1,197,4,4,0.0,0.0,0.0,0.004005,0.995949,4.6e-05
Hospital_1,198,3,3,0.0,0.0,0.0,0.999997,3e-06,0.0
Hospital_1,199,4,4,3e-06,5e-06,0.0,0.013657,0.986237,9.7e-05
Hospital_1,200,1,1,0.000191,0.999772,1.3e-05,4e-06,1.2e-05,8e-06
Hospital_1,201,5,5,0.012243,0.000673,2e-06,0.006825,0.273744,0.706513
Hospital_1,202,3,3,0.0,0.0,0.0,0.999996,4e-06,0.0
Hospital_1,203,4,4,0.000263,0.000543,9e-05,0.213208,0.782487,0.003407
Hospital_1,204,5,5,0.000144,0.000627,1e-06,0.000983,0.010874,0.987372
Hospital_1,205,5,5,0.000142,0.000723,4.1e-05,0.002924,0.002237,0.993933
Hospital_1,206,5,5,0.000201,0.003327,0.027395,0.461583,0.043791,0.463703
Hospital_1,207,2,2,0.00785,0.002364,0.87909,0.093209,0.014953,0.002533
Hospital_1,208,0,0,0.974555,0.00153,0.003318,0.002712,0.012046,0.005839
Hospital_1,209,1,1,0.003324,0.986554,0.000685,0.000948,0.002306,0.006183
Hospital_1,210,5,5,0.000488,0.002964,0.003169,0.031569,0.004867,0.956943
Hospital_1,211,1,1,0.000802,0.996975,0.000181,0.000164,0.000459,0.001419
Hospital_1,212,1,1,8.2e-05,0.999869,5e-06,4e-06,1e-05,3e-05
Hospital_1,213,1,1,0.00187,0.99607,0.00024,0.000284,0.00054,0.000997
Hospital_1,214,5,5,2.6e-05,0.000368,9e-06,0.001193,0.001674,0.996731
Hospital_1,215,0,0,0.985141,0.001199,0.002457,0.00137,0.006271,0.003562
Hospital_1,216,0,0,0.990287,0.000881,0.003076,0.000965,0.003195,0.001594
Hospital_1,217,2,2,0.015431,0.001422,0.923999,0.044967,0.013591,0.00059
Hospital_1,218,1,1,0.00025,0.999383,1.5e-05,2.3e-05,6.7e-05,0.000262
Hospital_1,219,1,1,0.000209,0.999554,2e-05,1.9e-05,4.6e-05,0.000152
Hospital_1,220,5,5,5.2e-05,0.000309,0.000219,0.014867,0.003435,0.981118
Hospital_1,221,3,3,0.0,0.0,0.0,0.999993,7e-06,0.0
Hospital_1,222,4,4,0.0,0.0,0.0,0.004436,0.995553,1.1e-05
Hospital_1,223,0,0,0.944848,0.006566,0.026126,0.005313,0.011819,0.005328
Hospital_1,224,5,5,0.000155,0.000507,1e-06,0.002679,0.08679,0.909867
Hospital_1,225,4,4,0.006068,0.185175,0.008245,0.244414,0.538505,0.017594
Hospital_1,226,1,1,0.000209,0.999557,2.2e-05,2.6e-05,6.3e-05,0.000122
Hospital_1,227,3,3,0.0,0.0,0.0,0.999955,4.5e-05,0.0
Hospital_1,228,0,0,0.913083,0.04614,0.035093,0.001557,0.002304,0.001822
Hospital_1,229,5,5,0.018156,0.028326,0.003861,0.153649,0.158354,0.637654
Hospital_1,230,5,5,0.000242,0.008507,4e-06,0.001227,0.012279,0.977741
Hospital_1,231,1,1,0.000314,0.999234,4.3e-05,4e-05,0.000102,0.000268
Hospital_1,232,0,0,0.991424,0.000763,0.001262,0.001283,0.003744,0.001524
Hospital_1,233,5,5,0.000183,0.001932,0.000794,0.010161,0.001885,0.985045
Hospital_1,234,3,3,0.0,0.0,0.0,0.999962,3.8e-05,0.0
Hospital_1,235,2,2,0.061921,0.002779,0.910414,0.015688,0.008371,0.000829
Hospital_1,236,4,4,1e-06,1e-06,0.0,0.017182,0.982789,2.7e-05
Hospital_1,237,1,1,0.002815,0.99127,0.00052,0.000696,0.001451,0.003248
Hospital_1,238,5,5,0.019116,0.008969,0.000129,0.019101,0.218438,0.734247
Hospital_1,239,5,5,0.000248,0.001196,2e-06,0.003621,0.119478,0.875455
Hospital_1,240,1,1,0.001562,0.996185,0.000297,0.000309,0.000704,0.000943
Hospital_1,241,2,2,0.091782,0.004369,0.893333,0.005035,0.004902,0.000579
Hospital_1,242,1,1,0.000622,0.998535,5.8e-05,7.5e-05,0.00019,0.00052
Hospital_1,243,2,2,0.090091,0.005721,0.884674,0.01092,0.007146,0.001448
Hospital_1,244,2,2,0.083245,0.002607,0.851446,0.038229,0.020846,0.003627
Hospital_1,245,2,2,0.244932,0.00814,0.730164,0.007295,0.00892,0.000549
Hospital_1,246,4,4,0.0,0.0,0.0,0.002294,0.997697,9e-06
Hospital_1,247,2,2,0.242851,0.008394,0.731687,0.008663,0.007164,0.001241
Hospital_1,248,5,5,4.4e-05,0.000365,0.000272,0.00675,0.001584,0.990985
Hospital_1,249,1,1,0.000552,0.999178,4.9e-05,3e-05,6.8e-05,0.000123
Hospital_1,250,5,5,1.4e-05,0.000335,7e-06,0.001904,0.002294,0.995446
Hospital_1,251,0,0,0.977841,0.00126,0.002994,0.002186,0.011589,0.004131
Hospital_1,252,1,1,0.001381,0.994634,0.000203,0.000311,0.000774,0.002697
Hospital_1,253,1,1,0.001847,0.995949,0.000347,0.000274,0.000504,0.001079
Hospital_1,254,2,2,0.031802,0.002996,0.937851,0.018982,0.006823,0.001545
Hospital_1,255,0,0,0.992028,0.000624,0.000961,0.000967,0.002274,0.003146
Hospital_1,256,0,0,0.953534,0.023983,0.005489,0.001544,0.004907,0.010542
Hospital_1,257,0,0,0.956225,0.001596,0.008916,0.006478,0.018301,0.008484
Hospital_1,258,2,2,0.112044,0.002689,0.860912,0.015651,0.007636,0.001068
Hospital_1,259,0,0,0.938984,0.00616,0.007006,0.006286,0.005336,0.036228
Hospital_1,260,4,4,0.0,0.0,0.0,0.003968,0.995955,7.7e-05
Hospital_1,261,5,5,0.001752,0.00112,1e-06,0.002376,0.206858,0.787892
Hospital_1,262,5,5,0.000154,0.00085,0.000248,0.004245,0.001267,0.993235
Hospital_1,263,4,4,0.0,0.0,0.0,0.006116,0.993877,7e-06
Hospital_1,264,3,3,0.0,0.0,0.0,0.999402,0.000598,0.0
Hospital_1,265,2,2,0.096021,0.003507,0.862147,0.023147,0.013431,0.001747
Hospital_1,266,3,3,0.0,0.0,0.0,0.999998,2e-06,0.0
Hospital_1,267,2,2,0.103198,0.004203,0.858213,0.020597,0.012735,0.001054
Hospital_1,268,2,2,0.218583,0.006303,0.702356,0.036966,0.031253,0.004539
Hospital_1,269,4,4,1e-06,2e-06,0.0,0.00454,0.995392,6.4e-05
Hospital_1,270,4,4,1e-06,2e-06,0.0,0.018175,0.981806,1.6e-05
Hospital_1,271,1,1,0.000147,0.99976,1.7e-05,9e-06,2.8e-05,3.9e-05
Hospital_1,272,2,2,0.009503,0.001063,0.979648,0.007014,0.002593,0.00018
Hospital_1,273,4,4,1.1e-05,1e-06,0.0,0.00352,0.994112,0.002357
Hospital_1,274,1,1,0.008625,0.967911,0.001977,0.002489,0.005031,0.013967
Hospital_1,275,0,0,0.977872,0.000819,0.009319,0.002225,0.007889,0.001877
Hospital_1,276,5,5,0.008044,0.000462,2e-06,0.005762,0.324468,0.661261
Hospital_1,277,4,4,0.0,1e-06,0.0,0.010879,0.9891,1.9e-05
Hospital_1,278,2,2,0.148171,0.002899,0.823544,0.015913,0.008908,0.000565
Hospital_1,279,0,0,0.990774,0.001949,0.001402,0.000978,0.002423,0.002475
Hospital_1,280,0,0,0.983913,0.014449,0.000826,8.7e-05,0.000382,0.000344
Hospital_1,281,3,3,0.0,0.0,0.0,0.999999,1e-06,0.0
Hospital_1,282,2,2,0.013815,0.002374,0.921746,0.05162,0.008696,0.001749
Hospital_1,283,2,2,0.154388,0.003425,0.826448,0.008731,0.006386,0.000623
Hospital_1,284,1,1,0.000361,0.999211,3.7e-05,3.7e-05,8.6e-05,0.000268
Hospital_1,285,3,3,0.0,0.0,0.0,0.999968,3.2e-05,0.0
Hospital_1,286,5,5,0.001614,0.001645,1e-06,0.00202,0.139127,0.855593
Hospital_1,287,0,0,0.989445,0.001769,0.003931,0.00113,0.002058,0.001668
Hospital_1,288,5,5,0.000205,0.00116,2.4e-05,0.003863,0.003652,0.991096
Hospital_1,289,5,5,0.000794,0.005893,0.000105,0.005276,0.004822,0.98311
Hospital_1,290,2,2,0.010847,0.001932,0.93135,0.046047,0.008023,0.001801
Hospital_1,291,3,3,0.0,0.0,0.0,0.999997,3e-06,0.0
Hospital_1,292,5,5,0.019627,0.007051,7.6e-05,0.017804,0.246261,0.709181
Hospital_1,293,4,4,0.0,0.0,0.0,0.020803,0.979183,1.4e-05
Hospital_1,294,1,1,0.010535,0.946137,0.003329,0.005924,0.015818,0.018256
Hospital_1,295,0,0,0.975596,0.003058,0.003138,0.001843,0.008324,0.008043
Hospital_1,296,1,1,6.7e-05,0.999901,7e-06,3e-06,9e-06,1.3e-05
Hospital_1,297,0,0,0.983337,0.005553,0.003154,0.001205,0.002286,0.004465
Hospital_1,298,4,3,0.0,0.0,0.0,0.920824,0.079175,0.0
Hospital_1,299,3,3,0.0,0.0,0.0,0.999999,1e-06,0.0
Hospital_1,300,0,0,0.967997,0.000534,0.008219,0.005755,0.014958,0.002537
Hospital_1,301,0,0,0.957641,0.003947,0.015941,0.003779,0.010997,0.007696
Hospital_1,302,0,0,0.993233,0.000673,0.000955,0.000716,0.00238,0.002042
Hospital_1,303,3,3,0.0,0.0,0.0,0.995736,0.004264,0.0
Hospital_1,304,1,1,0.000879,0.997427,0.000178,0.000156,0.000372,0.000988
Hospital_1,305,2,2,0.097983,0.00471,0.875296,0.012695,0.007914,0.001402
Hospital_1,306,1,1,0.002419,0.995164,0.000292,0.000299,0.000508,0.001318
Hospital_1,307,3,3,0.0,0.0,0.0,0.999976,2.4e-05,0.0
Hospital_1,308,2,2,0.121823,0.004265,0.846835,0.015902,0.010319,0.000857
Hospital_1,309,4,4,0.0,0.0,0.0,0.004118,0.995864,1.7e-05
Hospital_1,310,4,4,0.0,0.0,0.0,0.007258,0.992727,1.5e-05
Hospital_1,311,2,2,0.070111,0.003061,0.893761,0.020898,0.011144,0.001025
Hospital_1,312,3,3,0.0,0.0,0.0,0.999998,2e-06,0.0
Hospital_1,313,0,0,0.970718,0.00147,0.003934,0.003167,0.013437,0.007274
Hospital_1,314,2,2,0.007021,0.001334,0.902253,0.083772,0.00425,0.001371
Hospital_1,315,0,0,0.988813,0.000632,0.001798,0.001846,0.003741,0.00317
Hospital_1,316,1,1,0.00119,0.997085,0.000267,0.000293,0.000685,0.00048
Hospital_1,317,3,3,0.0,0.0,0.0,0.999985,1.5e-05,0.0
Hospital_1,318,1,1,4.9e-05,0.999913,3e-06,3e-06,8e-06,2.4e-05
Hospital_1,319,0,0,0.978509,0.01503,0.003815,0.000401,0.001183,0.001061
Hospital_1,320,0,0,0.98783,0.001016,0.002376,0.001685,0.004846,0.002248
Hospital_1,321,0,0,0.972398,0.018149,0.004731,0.000858,0.001567,0.002298
Hospital_1,322,0,0,0.755005,0.002315,0.016597,0.038154,0.114841,0.073088
Hospital_1,323,4,4,1.1e-05,8e-06,1e-06,0.04869,0.951148,0.000142
Hospital_1,324,1,1,0.006584,0.980247,0.001421,0.00218,0.004776,0.004792
Hospital_1,325,4,4,2e-06,1e-06,0.0,0.00636,0.993476,0.000161
Hospital_1,326,1,1,0.008631,0.96693,0.001624,0.002955,0.006079,0.013781
Hospital_1,327,2,2,0.010603,0.002831,0.751764,0.199502,0.031117,0.004183
Hospital_1,328,0,0,0.964191,0.002528,0.013461,0.002874,0.010139,0.006807
Hospital_1,329,4,4,0.0,0.0,0.0,0.002146,0.997803,5.1e-05
Hospital_1,330,4,4,1e-06,1e-06,1e-06,0.281271,0.718658,6.8e-05
Hospital_1,331,3,3,0.0,0.0,0.0,0.999999,1e-06,0.0
Hospital_1,332,1,1,0.000445,0.999115,5.3e-05,4.7e-05,9.4e-05,0.000245
Hospital_1,333,5,5,0.001317,0.009026,0.00471,0.018685,0.007018,0.959244
Hospital_1,334,2,2,0.015686,0.002212,0.883875,0.087598,0.008556,0.002073
Hospital_1,335,0,0,0.982334,0.001189,0.001658,0.002062,0.007064,0.005693
Hospital_1,336,2,2,0.110486,0.008256,0.839348,0.021811,0.017402,0.002697
Hospital_1,337,5,5,0.002861,0.024497,0.000171,0.015327,0.080435,0.876709
Hospital_1,338,1,1,0.00124,0.997451,0.000264,0.000178,0.000398,0.000469
Hospital_1,339,3,3,0.0,0.0,0.0,0.999996,4e-06,0.0
Hospital_1,340,3,3,0.0,0.0,0.0,0.999993,7e-06,0.0
Hospital_1,341,5,5,0.001939,0.111227,1e-05,0.001142,0.02333,0.862352
Hospital_1,342,1,1,0.000914,0.997918,7.4e-05,8.8e-05,0.000227,0.000779
Hospital_1,343,5,5,2.8e-05,0.000354,5e-05,0.002098,0.000685,0.996785
Hospital_1,344,0,0,0.935669,0.003817,0.031841,0.008545,0.014319,0.005809
Hospital_1,345,1,1,0.001847,0.996261,0.000264,0.000219,0.000441,0.000968
Hospital_1,346,1,1,0.002914,0.989796,0.000806,0.001175,0.002278,0.003031
Hospital_1,347,3,3,0.0,0.0,0.0,0.99998,2e-05,0.0
Hospital_1,348,5,5,6e-06,0.00014,7e-06,0.009653,0.021538,0.968657
Hospital_1,349,0,0,0.966491,0.003283,0.007168,0.003514,0.011259,0.008285
Hospital_1,350,2,2,0.025003,0.003483,0.771709,0.150784,0.047139,0.001883
Hospital_1,351,5,5,0.000554,0.002847,0.000894,0.00802,0.003049,0.984636
Hospital_1,352,5,5,0.036193,0.062041,0.000843,0.018136,0.083482,0.799304
Hospital_1,353,0,0,0.945766,0.038439,0.012439,0.000693,0.001645,0.001017
Hospital_1,354,2,2,0.133765,0.004452,0.829935,0.017344,0.013169,0.001336
Hospital_1,355,3,3,0.0,0.0,0.0,0.999998,2e-06,0.0
Hospital_1,356,2,2,0.03327,0.003132,0.919403,0.031797,0.010551,0.001848
Hospital_1,357,2,2,0.037229,0.002437,0.918688,0.026016,0.013921,0.00171
Hospital_1,358,0,0,0.970007,0.002137,0.001685,0.002612,0.006772,0.016787
Hospital_1,359,0,0,0.9918,0.000624,0.001414,0.00097,0.003694,0.001497
Hospital_1,360,0,0,0.983788,0.000688,0.001323,0.001834,0.008568,0.003798
Hospital_1,361,5,5,0.011514,0.076762,9.6e-05,0.004507,0.098143,0.808978
Hospital_1,362,3,3,0.0,0.0,0.0,0.999946,5.4e-05,0.0
Hospital_1,363,3,3,0.0,0.0,0.0,0.999998,2e-06,0.0
Hospital_1,364,4,4,2e-06,2e-06,0.0,0.012846,0.987124,2.6e-05
Hospital_1,365,2,2,0.026547,0.002674,0.932521,0.027247,0.009357,0.001655
Hospital_1,366,3,3,0.0,0.0,0.0,0.999991,9e-06,0.0
Hospital_1,367,1,1,0.00128,0.997118,0.000212,0.000167,0.000351,0.000871
Hospital_1,368,1,1,0.000353,0.999573,2.5e-05,9e-06,2.4e-05,1.6e-05
Hospital_1,369,5,5,0.000274,0.002058,0.001284,0.010042,0.002271,0.98407
Hospital_1,370,2,2,0.00372,0.000816,0.902553,0.087714,0.004703,0.000494
Hospital_1,371,5,5,0.000361,0.00271,0.001056,0.008689,0.003121,0.984063
Hospital_1,372,1,1,0.000892,0.998241,0.000126,9.3e-05,0.000212,0.000436
Hospital_1,373,3,3,0.0,0.0,0.0,0.999821,0.000179,0.0
Hospital_1,374,0,0,0.977009,0.002072,0.011723,0.003295,0.004934,0.000968
Hospital_1,375,1,1,0.000889,0.998482,0.000211,7.9e-05,0.000174,0.000164
Hospital_1,376,5,5,7.5e-05,0.001761,1e-06,0.001066,0.019343,0.977754
Hospital_1,377,1,1,0.00362,0.985625,0.001256,0.002255,0.004418,0.002825
Hospital_1,378,1,1,0.000146,0.999767,1.5e-05,1e-05,1.7e-05,4.6e-05
Hospital_1,379,3,3,0.0,0.0,0.0,0.999944,5.6e-05,0.0
Hospital_1,380,4,4,0.0,1e-06,0.0,0.045226,0.954765,8e-06
Hospital_1,381,2,2,0.065464,0.003395,0.911576,0.012376,0.006852,0.000337
Hospital_1,382,5,5,0.001656,0.00996,0.000127,0.005205,0.018395,0.964657
Hospital_1,383,1,1,0.00015,0.999785,1.1e-05,7e-06,1.9e-05,2.8e-05
Hospital_1,384,4,4,1e-06,1e-06,1e-06,0.085443,0.914471,8.4e-05
Hospital_1,385,4,4,6e-06,1e-05,1e-06,0.029061,0.970844,7.8e-05
Hospital_1,386,2,2,0.028653,0.003159,0.922106,0.036108,0.008207,0.001767
Hospital_1,387,3,3,0.0,0.0,0.0,0.999982,1.8e-05,0.0
Hospital_1,388,0,0,0.971205,0.00321,0.013787,0.002835,0.00619,0.002774
Hospital_1,389,0,0,0.954173,0.003392,0.005318,0.004015,0.013042,0.02006
Hospital_1,390,3,3,0.0,0.0,0.0,0.999999,1e-06,0.0
Hospital_1,391,0,0,0.968793,0.019892,0.00737,0.000818,0.001735,0.001392
Hospital_1,392,2,2,0.049776,0.001968,0.907009,0.034102,0.006641,0.000504
Hospital_1,393,5,1,0.060554,0.650592,0.022367,0.042015,0.073756,0.150716
Hospital_1,394,4,4,0.0,1e-06,0.0,0.006115,0.993867,1.6e-05
Hospital_1,395,4,4,1e-06,1e-06,0.0,0.033474,0.965904,0.00062
Hospital_1,396,1,1,0.000594,0.998549,0.000112,8.6e-05,0.000186,0.000473
Hospital_1,397,2,2,0.182498,0.00427,0.804885,0.004394,0.003702,0.000251
Hospital_1,398,0,0,0.964173,0.00349,0.01166,0.004783,0.010672,0.005222
Hospital_1,399,0,0,0.993123,0.000857,0.001016,0.000832,0.002288,0.001884
Hospital_1,400,2,2,0.031278,0.002414,0.929449,0.029144,0.006791,0.000924
Hospital_1,401,5,5,0.002127,0.001389,1e-06,0.002099,0.191412,0.802972
Hospital_1,402,1,1,0.000686,0.999197,1.4e-05,1.2e-05,3.4e-05,5.8e-05
Hospital_1,403,1,1,0.000405,0.999096,5.5e-05,4.6e-05,9.6e-05,0.000302
Hospital_1,404,4,4,0.0,1e-06,0.0,0.008851,0.991126,2.1e-05
Hospital_1,405,0,0,0.988764,0.001915,0.002827,0.001589,0.00306,0.001845
Hospital_1,406,2,2,0.014866,0.001475,0.963113,0.016844,0.003476,0.000226
Hospital_1,407,5,5,0.000629,0.001469,2e-06,0.004665,0.094798,0.898436
Hospital_1,408,2,2,0.003617,0.00089,0.94146,0.050524,0.003095,0.000415
Hospital_1,409,2,2,0.006561,0.00146,0.851345,0.131554,0.007429,0.001651
Hospital_1,410,3,3,0.0,0.0,0.0,0.999935,6.5e-05,0.0
Hospital_1,411,0,0,0.99144,0.000712,0.004221,0.000797,0.002107,0.000723
Hospital_1,412,1,1,7.5e-05,0.999705,1.3e-05,1.3e-05,3.2e-05,0.000162
Hospital_1,413,0,0,0.989994,0.000599,0.004272,0.001478,0.003188,0.000468
Hospital_1,414,3,3,0.0,0.0,0.0,1.0,1e-06,0.0
Hospital_1,415,3,3,0.0,0.0,0.0,0.999968,3.2e-05,0.0
Hospital_1,416,0,0,0.975597,0.000907,0.002938,0.004245,0.008842,0.007471
Hospital_1,417,5,5,0.0013,0.000211,0.0,0.001809,0.27446,0.72222
Hospital_1,418,1,1,0.000291,0.999358,2.1e-05,2.4e-05,6.2e-05,0.000244
Hospital_1,419,2,2,0.010821,0.001331,0.916274,0.062599,0.007235,0.001739
Hospital_1,420,3,3,0.0,0.0,0.0,0.999798,0.000203,0.0
Hospital_1,421,5,5,5.7e-05,0.000437,0.000114,0.003927,0.001547,0.993917
Hospital_1,422,5,5,0.0006,0.006429,0.002128,0.011393,0.004791,0.974658
Hospital_1,423,4,4,1e-06,0.0,0.0,0.001795,0.998125,8e-05
Hospital_1,424,5,5,0.000561,0.003697,0.000887,0.007369,0.002531,0.984955
Hospital_1,425,3,3,0.0,0.0,0.0,0.99992,8e-05,0.0
Hospital_1,426,4,4,1e-06,1e-06,0.0,0.006146,0.993821,3.1e-05
Hospital_1,427,5,5,0.019846,0.359471,0.001746,0.018033,0.107964,0.492939
Hospital_1,428,3,3,0.0,0.0,0.0,0.750781,0.249209,9e-06
Hospital_1,429,5,5,0.003266,0.001071,7e-06,0.026244,0.446275,0.523136
Hospital_1,430,4,4,0.0,1e-06,0.0,0.019086,0.980894,1.9e-05
Hospital_1,431,5,5,0.000152,0.001244,0.000487,0.005998,0.002111,0.990007
Hospital_1,432,5,5,0.003002,0.00624,2.1e-05,0.005077,0.040418,0.945242
Hospital_1,433,3,3,0.0,0.0,0.0,0.999845,0.000155,0.0
Hospital_1,434,4,4,1e-06,1e-06,0.0,0.016462,0.983518,1.9e-05
Hospital_1,435,3,3,0.0,0.0,0.0,0.999995,5e-06,0.0
Hospital_1,436,0,0,0.974893,0.002055,0.006734,0.003704,0.008844,0.00377
Hospital_1,437,0,0,0.985392,0.001516,0.003534,0.001649,0.004239,0.003669
Hospital_1,438,0,0,0.96004,0.001858,0.003243,0.003291,0.0143,0.017268
Hospital_1,439,4,4,0.000792,8e-06,1e-06,0.011305,0.944445,0.043449
Hospital_1,440,2,2,0.068454,0.002666,0.89285,0.020069,0.015474,0.000487
Hospital_1,441,0,0,0.977289,0.001942,0.00518,0.002666,0.005989,0.006934
Hospital_1,442,3,3,0.0,0.0,0.0,0.999962,3.8e-05,0.0
Hospital_1,443,2,2,0.022452,0.002264,0.932232,0.032837,0.009036,0.001179
Hospital_1,444,5,5,0.008696,0.01359,1.6e-05,0.003097,0.100688,0.873912
Hospital_1,445,2,2,0.208535,0.006951,0.748367,0.016297,0.017707,0.002143
Hospital_1,446,0,0,0.964627,0.000977,0.005428,0.005077,0.017495,0.006395
Hospital_1,447,1,1,0.000306,0.999427,4.2e-05,2.8e-05,6.4e-05,0.000133
Hospital_1,448,3,3,0.0,0.0,0.0,0.999998,2e-06,0.0
Hospital_1,449,4,4,1e-06,2e-06,0.0,0.014276,0.985698,2.3e-05
Hospital_1,450,3,3,0.0,0.0,0.0,0.999959,4.1e-05,0.0
Hospital_1,451,2,2,0.239337,0.005029,0.707298,0.026984,0.018653,0.002698
Hospital_1,452,0,0,0.97488,0.001978,0.002757,0.002781,0.007952,0.009653
Hospital_1,453,5,5,0.030963,0.017895,3.1e-05,0.004167,0.132401,0.814543
Hospital_1,454,1,1,0.001575,0.996279,0.000234,0.000201,0.000499,0.001212
Hospital_1,455,4,4,0.0,1e-06,0.0,0.008475,0.991456,6.8e-05
Hospital_1,456,1,1,0.001445,0.994622,0.000258,0.000332,0.000854,0.002489
Hospital_1,457,5,5,0.004541,0.207866,0.000152,0.003631,0.045364,0.738446
Hospital_1,458,0,0,0.98767,0.001416,0.003756,0.001328,0.003352,0.002478
Hospital_1,459,3,3,0.0,0.0,0.0,0.999874,0.000126,0.0
Hospital_1,460,2,2,0.018973,0.002339,0.945996,0.025224,0.0062,0.001269
Hospital_1,461,3,3,0.0,0.0,0.0,0.999988,1.2e-05,0.0
Hospital_1,462,3,3,0.0,0.0,0.0,0.999996,4e-06,0.0
Hospital_1,463,3,3,0.0,0.0,0.0,0.999977,2.3e-05,0.0
Hospital_1,464,3,3,0.0,0.0,0.0,0.999997,3e-06,0.0
Hospital_1,465,0,0,0.971276,0.001542,0.003484,0.003137,0.012918,0.007642
Hospital_1,466,2,2,0.01781,0.002797,0.918519,0.050189,0.009674,0.001012
Hospital_1,467,5,5,0.01083,0.001239,8e-06,0.009924,0.299351,0.678648
Hospital_1,468,5,5,0.013586,0.014073,0.004203,0.195013,0.107581,0.665544
Hospital_1,469,0,0,0.972185,0.003839,0.008714,0.00252,0.007416,0.005326
Hospital_1,470,2,2,0.029095,0.002236,0.942612,0.018446,0.00654,0.001071
Hospital_1,471,5,5,3.3e-05,0.000366,1e-06,0.001293,0.007478,0.990829
Hospital_1,472,0,0,0.99562,0.000326,0.00034,0.000604,0.00195,0.00116
Hospital_1,473,0,0,0.996096,0.000715,0.000236,0.000341,0.001181,0.001431
Hospital_1,474,4,4,1e-06,2e-06,0.0,0.005033,0.994856,0.000108
Hospital_1,475,5,5,0.004,0.039392,0.000112,0.007742,0.094079,0.854675
Hospital_1,476,2,2,0.033045,0.001074,0.897282,0.045014,0.023148,0.000437
Hospital_1,477,0,0,0.970973,0.019412,0.00609,0.000538,0.001466,0.001522
Hospital_1,478,3,3,0.0,0.0,0.0,0.999993,7e-06,0.0
Hospital_1,479,0,0,0.865643,0.002481,0.015205,0.037108,0.048212,0.03135
Hospital_1,480,3,3,0.0,0.0,0.0,0.999992,8e-06,0.0
Hospital_1,481,5,5,0.000886,0.038073,0.000208,0.009124,0.024687,0.927022
Hospital_1,482,4,4,1e-06,1e-06,0.0,0.013068,0.986913,1.8e-05
Hospital_1,483,0,0,0.997986,0.000157,0.000555,0.000278,0.000741,0.000284
Hospital_1,484,0,0,0.923146,0.067799,0.004173,0.000514,0.001503,0.002865
Hospital_1,485,2,2,0.12933,0.004775,0.853811,0.006019,0.005855,0.00021
Hospital_1,486,0,0,0.992839,0.000642,0.00286,0.001139,0.002095,0.000425
Hospital_1,487,4,4,7e-06,2e-06,0.0,0.002688,0.99648,0.000823
Hospital_1,488,3,3,0.0,0.0,0.0,0.999968,3.2e-05,0.0
Hospital_1,489,5,1,0.061453,0.643199,0.02246,0.042006,0.074312,0.156569
Hospital_1,490,4,4,2e-06,2e-06,0.0,0.016892,0.983064,4e-05
Hospital_1,491,3,3,0.0,0.0,0.0,0.99675,0.00325,0.0
Hospital_1,492,2,2,0.034465,0.001739,0.904486,0.042891,0.01575,0.00067
Hospital_1,493,3,3,0.0,0.0,0.0,1.0,0.0,0.0
Hospital_1,494,3,3,0.0,0.0,0.0,0.999985,1.5e-05,0.0
Hospital_1,495,4,4,3e-06,7e-06,1e-06,0.057043,0.942859,8.7e-05
Hospital_1,496,5,5,0.000112,0.002484,8e-06,0.002313,0.024913,0.97017
Hospital_1,497,0,0,0.994421,0.000201,0.000346,0.000574,0.00281,0.001648
Hospital_1,498,2,2,0.038826,0.005555,0.603781,0.263509,0.08605,0.002279
Hospital_1,499,0,0,0.968404,0.030067,0.000731,0.000115,0.000441,0.000242
Hospital_1,500,0,0,0.929569,0.037207,0.015265,0.002104,0.002908,0.012946
Hospital_1,501,3,3,0.0,0.0,0.0,0.999985,1.5e-05,0.0
Hospital_1,502,2,2,0.032543,0.001237,0.858127,0.087451,0.019923,0.000719
Hospital_1,503,4,4,0.0,1e-06,0.0,0.018013,0.981974,1.2e-05
Hospital_1,504,0,0,0.97553,0.001517,0.003123,0.002902,0.011292,0.005636
Hospital_1,505,1,1,0.004128,0.9882,0.000602,0.000919,0.002436,0.003715
Hospital_1,506,4,4,0.002041,0.007531,0.003561,0.207922,0.770318,0.008628
Hospital_1,507,3,3,0.0,0.0,0.0,0.999998,2e-06,0.0
Hospital_1,508,2,2,0.038483,0.002656,0.935137,0.017483,0.005414,0.000827
Hospital_1,509,2,2,0.047546,0.004034,0.922763,0.017117,0.007125,0.001415
Hospital_1,510,3,3,0.0,0.0,0.0,0.999986,1.4e-05,0.0
Hospital_1,511,0,0,0.97747,0.002456,0.004746,0.002224,0.007419,0.005684
Hospital_1,512,3,3,0.0,0.0,0.0,0.999915,8.5e-05,0.0
Hospital_1,513,2,2,0.011336,0.002458,0.906637,0.065898,0.011328,0.002343
Hospital_1,514,3,3,0.0,0.0,0.0,0.999706,0.000294,0.0
Hospital_1,515,1,1,0.002153,0.993628,0.000365,0.000436,0.001031,0.002386
Hospital_1,516,0,0,0.943244,0.000544,0.001358,0.007414,0.032049,0.015391
Hospital_1,517,5,5,0.000202,0.001464,0.000937,0.007673,0.001615,0.988109
Hospital_1,518,1,1,3.2e-05,0.999946,2e-06,2e-06,5e-06,1.3e-05
Hospital_1,519,5,5,0.000147,0.000314,1e-06,0.005033,0.066467,0.928039
Hospital_1,520,4,4,0.00132,0.000686,2.3e-05,0.058071,0.856837,0.083063
Hospital_1,521,2,2,0.024082,0.001996,0.941414,0.024527,0.006194,0.001787
Hospital_1,522,1,1,0.000143,0.999572,1.3e-05,1.6e-05,4.4e-05,0.000213
Hospital_1,523,0,0,0.960874,0.003628,0.018755,0.003445,0.008561,0.004737
Hospital_1,524,4,4,6e-06,8e-06,1e-06,0.068882,0.930995,0.000108
Hospital_1,525,0,0,0.967247,0.002201,0.004333,0.004175,0.008796,0.013248
Hospital_1,526,2,2,0.038648,0.002567,0.927113,0.023728,0.007155,0.000789
Hospital_1,527,0,0,0.997197,0.000485,0.000151,0.000243,0.001029,0.000895
Hospital_1,528,0,0,0.878517,0.00362,0.022112,0.018399,0.0439,0.033453
Hospital_1,529,2,2,0.021856,0.002807,0.937828,0.028219,0.00735,0.00194
Hospital_1,530,0,0,0.960269,0.001967,0.003385,0.003374,0.01413,0.016875
Hospital_1,531,4,4,1.6e-05,3.9e-05,5e-06,0.040762,0.959018,0.00016
Hospital_1,532,3,3,0.0,0.0,0.0,0.999992,8e-06,0.0
Hospital_1,533,4,4,0.0,0.0,0.0,0.078202,0.921795,3e-06
Hospital_1,534,0,0,0.987242,0.001073,0.002416,0.001383,0.004633,0.003254
Hospital_1,535,5,5,0.004497,0.003393,6e-06,0.003713,0.114176,0.874215
Hospital_1,536,0,0,0.899891,0.000939,0.007242,0.04219,0.044291,0.005447
Hospital_1,537,1,1,0.000854,0.998083,0.000131,9.1e-05,0.000253,0.000588
Hospital_1,538,3,3,0.0,0.0,0.0,0.999995,5e-06,0.0
Hospital_1,539,5,5,4.7e-05,0.001143,6e-06,0.003286,0.003713,0.991806
Hospital_1,540,5,5,0.000393,0.000563,0.0,0.001697,0.160098,0.837249
Hospital_1,541,2,2,0.015725,0.002675,0.951624,0.02333,0.005401,0.001245
Hospital_1,542,2,2,0.138718,0.005362,0.845476,0.005212,0.005109,0.000124
Hospital_1,543,2,2,0.043591,0.002493,0.923553,0.023366,0.005973,0.001024
Hospital_1,544,5,5,0.000667,0.001248,2e-06,0.0041,0.097523,0.89646
Hospital_1,545,1,1,0.000833,0.998151,0.000173,0.00012,0.000229,0.000494
Hospital_1,546,0,0,0.993157,0.000239,0.001848,0.001186,0.003106,0.000464
Hospital_1,547,3,3,0.0,0.0,0.0,0.999999,1e-06,0.0
Hospital_1,548,4,4,1e-06,1e-06,0.0,0.011825,0.988142,3.1e-05
Hospital_1,549,1,1,0.001639,0.995019,0.000465,0.000372,0.000732,0.001773
Hospital_1,550,5,3,0.100205,0.029272,0.005253,0.321718,0.300776,0.242775
Hospital_1,551,0,0,0.933477,0.059117,0.002017,0.00066,0.001466,0.003264
Hospital_1,552,2,2,0.022063,0.002924,0.914214,0.048667,0.010243,0.001889
Hospital_1,553,3,3,0.0,0.0,0.0,0.998149,0.001851,0.0
Hospital_1,554,5,5,9.4e-05,0.000964,3e-06,0.004749,0.048078,0.946112
Hospital_1,555,2,2,0.07734,0.002059,0.868158,0.031661,0.020262,0.00052
Hospital_1,556,0,0,0.940077,0.005535,0.034177,0.006931,0.0092,0.00408
Hospital_1,557,1,1,0.000756,0.998579,0.000159,8.5e-05,0.000195,0.000226
Hospital_1,558,2,2,0.058157,0.002862,0.903544,0.022613,0.01149,0.001334
Hospital_1,559,2,2,0.029879,0.002702,0.929536,0.029572,0.007383,0.000928
Hospital_1,560,0,0,0.96575,0.001568,0.005034,0.004204,0.017793,0.005651
Hospital_1,561,2,2,0.039925,0.003202,0.872457,0.066416,0.015519,0.002481
Hospital_1,562,2,2,0.066085,0.005076,0.900823,0.016559,0.009218,0.002239
Hospital_1,563,1,1,0.000715,0.99849,0.000124,8.9e-05,0.00018,0.000402
Hospital_1,564,2,2,0.05611,0.002361,0.915225,0.017116,0.008346,0.000842
Hospital_1,565,4,4,0.0,0.0,0.0,0.013803,0.986169,2.7e-05
Hospital_1,566,4,4,0.0,1e-06,0.0,0.011788,0.988194,1.8e-05
Hospital_1,567,2,2,0.146254,0.005646,0.840043,0.003946,0.00385,0.000261
Hospital_1,568,0,0,0.988765,0.00095,0.004767,0.001184,0.003082,0.001252
Hospital_1,569,1,1,0.000142,0.999787,1.2e-05,8e-06,1.6e-05,3.5e-05
Hospital_1,570,0,0,0.993752,0.000363,0.001826,0.001148,0.002271,0.00064
Hospital_1,571,0,0,0.984177,0.00082,0.007695,0.002015,0.004272,0.001021
Hospital_1,572,3,3,0.0,0.0,1e-06,0.989087,0.010906,6e-06
Hospital_1,573,1,1,8.6e-05,0.999835,6e-06,6e-06,1.4e-05,5.3e-05
Hospital_1,574,3,3,0.0,0.0,0.0,0.999978,2.2e-05,0.0
Hospital_1,575,0,0,0.978599,0.001431,0.000868,0.001445,0.007458,0.0102
Hospital_1,576,0,0,0.982595,0.001574,0.007244,0.001768,0.00438,0.00244
Hospital_1,577,3,3,0.0,0.0,0.0,0.999987,1.4e-05,0.0
Hospital_1,578,3,3,0.0,0.0,0.0,0.999971,2.9e-05,0.0
Hospital_1,579,3,3,0.0,0.0,0.0,0.999965,3.5e-05,0.0
Hospital_1,580,3,3,0.0,0.0,0.0,0.999827,0.000173,0.0
Hospital_1,581,2,2,0.21074,0.005268,0.738898,0.024711,0.017288,0.003096
Hospital_1,582,2,2,0.277084,0.007639,0.694125,0.008708,0.012137,0.000308
Hospital_1,583,3,3,0.0,0.0,0.0,0.999989,1.1e-05,0.0
Hospital_1,584,0,0,0.980454,0.013046,0.003469,0.000443,0.001301,0.001287
Hospital_1,585,0,0,0.979908,0.011192,0.0059,0.000741,0.001312,0.000948
Hospital_1,586,0,0,0.994406,0.000247,0.000776,0.000953,0.001964,0.001653
Hospital_1,587,0,0,0.839314,0.148531,0.006001,0.000887,0.001669,0.003596
Hospital_1,588,1,1,9.1e-05,0.999836,1.3e-05,8e-06,1.5e-05,3.7e-05
Hospital_1,589,1,1,0.002832,0.99234,0.000526,0.000516,0.000951,0.002835
Hospital_1,590,1,1,0.004067,0.986611,0.000931,0.001339,0.002938,0.004114
Hospital_1,591,4,4,1e-06,4e-06,0.0,0.063357,0.936616,2.1e-05
Hospital_1,592,3,3,0.0,0.0,0.0,0.999398,0.000602,0.0
Hospital_1,593,0,0,0.99206,0.005294,0.001224,0.000219,0.000632,0.000571
Hospital_1,594,0,0,0.976857,0.000375,0.004432,0.005313,0.011364,0.00166
Hospital_1,595,2,2,0.021183,0.001692,0.962845,0.008927,0.004425,0.000929
Hospital_1,596,4,4,0.0,1e-06,0.0,0.003721,0.996261,1.6e-05
Hospital_1,597,0,0,0.924686,0.006503,0.007534,0.00666,0.00538,0.049236
Hospital_1,598,5,5,0.00163,0.010272,0.000698,0.019955,0.014017,0.953427
Hospital_1,599,4,4,0.0,0.0,0.0,0.002858,0.997121,2.1e-05
Hospital_1,600,4,4,1e-06,1e-06,0.0,0.001856,0.998081,6.2e-05
