hospital,imagen_idx,y_true,y_pred,prob_0,prob_1,prob_2,prob_3,prob_4,prob_5
Hospital_1,0,2,2,0.024924,2e-06,0.974889,4.1e-05,9e-05,5.5e-05
Hospital_1,1,2,2,0.022655,1.5e-05,0.976905,5.6e-05,0.000183,0.000186
Hospital_1,2,5,5,0.000212,7.8e-05,0.0,0.000865,0.003091,0.995755
Hospital_1,3,3,3,0.002569,0.0,5e-06,0.996644,0.000774,7e-06
Hospital_1,4,2,2,0.028496,1e-06,0.971285,6.9e-05,9e-05,6e-05
Hospital_1,5,1,1,9.3e-05,0.776068,0.0,4.6e-05,0.002108,0.221686
Hospital_1,6,3,3,0.0,0.0,0.0,0.999946,5.4e-05,0.0
Hospital_1,7,1,1,4.7e-05,0.9796,0.0,4e-06,0.000301,0.020048
Hospital_1,8,3,3,1.8e-05,0.0,1.5e-05,0.99965,0.000314,3e-06
Hospital_1,9,3,3,0.0,0.0,0.0,0.999877,0.000122,1e-06
Hospital_1,10,5,5,6.8e-05,7e-06,0.0,0.000917,0.006943,0.992065
Hospital_1,11,3,3,0.0,0.0,0.0,0.999955,4.4e-05,0.0
Hospital_1,12,2,2,0.020297,7e-06,0.979435,4.2e-05,0.00011,0.000109
Hospital_1,13,3,3,1.6e-05,0.0,0.0,0.999962,2.1e-05,1e-06
Hospital_1,14,5,5,2.8e-05,6e-06,0.0,0.000595,0.003379,0.995993
Hospital_1,15,5,5,0.000114,1.5e-05,0.0,0.00077,0.008777,0.990324
Hospital_1,16,3,3,0.0,0.0,0.0,0.998762,0.001236,2e-06
Hospital_1,17,3,3,6.4e-05,0.0,0.0,0.998949,0.000979,8e-06
Hospital_1,18,2,2,0.022979,7e-06,0.976693,4.8e-05,0.000143,0.000129
Hospital_1,19,5,5,0.000298,5.9e-05,0.0,0.00388,0.011277,0.984486
Hospital_1,20,2,2,0.03401,1e-06,0.965722,0.000113,0.000105,4.9e-05
Hospital_1,21,1,1,3.5e-05,0.894313,0.0,5.4e-05,0.000976,0.104621
Hospital_1,22,3,3,0.0,0.0,0.0,0.999011,0.000988,1e-06
Hospital_1,23,3,3,4e-06,0.0,0.0,0.999937,5.9e-05,1e-06
Hospital_1,24,2,2,0.031438,3e-06,0.968259,6.6e-05,0.000151,8.3e-05
Hospital_1,25,2,2,0.022197,2e-06,0.977629,3.6e-05,7.4e-05,6.2e-05
Hospital_1,26,2,2,0.023936,1.7e-05,0.975546,6.8e-05,0.000224,0.00021
Hospital_1,27,2,2,0.060409,1e-06,0.938656,0.000525,0.000308,0.0001
Hospital_1,28,2,2,0.022892,8e-06,0.976762,5.9e-05,0.00016,0.00012
Hospital_1,29,2,2,0.024709,1e-06,0.975108,5.6e-05,8.6e-05,4.1e-05
Hospital_1,30,3,3,0.0,0.0,0.0,0.999842,0.000156,2e-06
Hospital_1,31,2,2,0.018728,5e-06,0.981023,4.8e-05,0.000105,9e-05
Hospital_1,32,1,1,0.000133,0.879256,0.0,0.000156,0.002263,0.118192
Hospital_1,33,5,5,4.1e-05,4e-06,0.0,0.002542,0.012654,0.984759
Hospital_1,34,3,3,0.0,0.0,0.0,0.99997,2.9e-05,0.0
Hospital_1,35,2,2,0.029705,1e-06,0.970103,6.3e-05,8.3e-05,4.5e-05
Hospital_1,36,2,2,0.022318,6e-06,0.977393,4.1e-05,0.000128,0.000115
Hospital_1,37,2,2,0.051499,1e-06,0.947812,0.000358,0.000242,8.8e-05
Hospital_1,38,5,5,0.000672,0.000271,0.0,0.003251,0.008083,0.987723
Hospital_1,39,3,3,6.4e-05,0.0,9e-06,0.999313,0.000601,1.3e-05
Hospital_1,40,3,3,0.00083,0.0,1e-06,0.998578,0.000568,2.3e-05
Hospital_1,41,3,3,1e-06,0.0,0.0,0.999848,0.000151,0.0
Hospital_1,42,3,3,3e-06,0.0,0.0,0.999911,8.4e-05,1e-06
Hospital_1,43,2,2,0.017452,2e-06,0.982378,3.3e-05,7.7e-05,5.8e-05
Hospital_1,44,3,3,0.002421,0.0,0.0,0.994276,0.003289,1.3e-05
Hospital_1,45,3,3,2e-06,1e-06,0.0,0.999414,0.000549,3.4e-05
Hospital_1,46,3,3,0.0,0.0,0.0,0.998847,0.001151,2e-06
Hospital_1,47,2,2,0.023657,2e-06,0.976157,4.2e-05,8e-05,6.3e-05
Hospital_1,48,2,2,0.018457,8e-06,0.981252,4.3e-05,0.000121,0.000118
Hospital_1,49,2,2,0.024748,8e-06,0.974904,4.7e-05,0.000157,0.000136
Hospital_1,50,5,5,3.1e-05,5e-06,0.0,0.000458,0.006393,0.993112
Hospital_1,51,3,3,4e-06,0.0,0.0,0.999986,9e-06,2e-06
Hospital_1,52,5,5,0.000199,4.6e-05,0.0,0.000425,0.006217,0.993113
Hospital_1,53,5,5,0.000231,2e-05,0.0,0.000751,0.184155,0.814843
Hospital_1,54,2,2,0.020578,2e-06,0.97924,3.3e-05,8.5e-05,6.1e-05
Hospital_1,55,3,3,5e-06,0.0,0.0,0.999599,0.000394,2e-06
Hospital_1,56,2,2,0.025788,1.7e-05,0.973705,6.2e-05,0.000213,0.000214
Hospital_1,57,2,2,0.019746,6e-06,0.980007,3.8e-05,0.000103,0.0001
Hospital_1,58,2,2,0.022449,3e-06,0.977334,3.3e-05,9.9e-05,8.2e-05
Hospital_1,59,3,3,0.0,0.0,0.0,0.996323,0.003667,1e-05
Hospital_1,60,3,3,6e-06,0.0,3e-06,0.997433,0.002551,6e-06
Hospital_1,61,2,2,0.022497,2e-06,0.977305,4e-05,9.2e-05,6.2e-05
Hospital_1,62,2,2,0.019498,5e-06,0.980252,4e-05,0.000109,9.4e-05
Hospital_1,63,1,1,1.4e-05,0.999745,0.0,0.0,1.5e-05,0.000226
Hospital_1,64,2,2,0.025157,8e-06,0.974485,5.7e-05,0.000167,0.000126
Hospital_1,65,2,2,0.025557,7e-06,0.974088,4.9e-05,0.000169,0.000131
Hospital_1,66,5,5,0.0,7.9e-05,0.0,0.008362,0.134496,0.857062
Hospital_1,67,5,5,0.000584,0.000129,0.0,0.001955,0.016847,0.980486
Hospital_1,68,2,2,0.020634,3e-06,0.979149,3.6e-05,0.000104,7.4e-05
Hospital_1,69,3,3,0.0003,1e-06,0.0,0.999648,4.9e-05,1e-06
Hospital_1,70,3,3,9e-06,0.0,0.0,0.999793,0.000198,1e-06
Hospital_1,71,2,2,0.032934,1e-06,0.966857,7.5e-05,8.5e-05,4.7e-05
Hospital_1,72,2,2,0.036723,1e-06,0.962912,0.000153,0.000144,6.7e-05
Hospital_1,73,2,2,0.019965,7e-06,0.979742,4.8e-05,0.000123,0.000114
Hospital_1,74,3,3,2.5e-05,5.6e-05,0.0,0.99828,0.00163,1e-05
Hospital_1,75,2,2,0.064147,1e-06,0.935029,0.000436,0.000286,0.000101
Hospital_1,76,5,5,0.000149,6.4e-05,0.0,0.000236,0.00529,0.994262
Hospital_1,77,2,2,0.020797,5e-06,0.978967,3.3e-05,0.000106,9.1e-05
Hospital_1,78,2,2,0.019748,1e-06,0.980078,5.5e-05,7.5e-05,4.3e-05
Hospital_1,79,0,0,0.980157,0.00029,0.014865,0.000133,0.00111,0.003445
Hospital_1,80,3,3,0.002706,0.0,3e-06,0.996585,0.000695,1.2e-05
Hospital_1,81,2,2,0.022668,5e-06,0.977066,3.9e-05,0.000123,0.0001
Hospital_1,82,1,1,2e-06,0.999726,0.0,0.0,6e-06,0.000267
Hospital_1,83,3,3,0.000143,0.0,2.3e-05,0.993975,0.005771,8.8e-05
Hospital_1,84,2,2,0.023001,1.5e-05,0.976571,5.6e-05,0.000175,0.000182
Hospital_1,85,5,5,0.002091,0.000109,0.0,0.002736,0.019483,0.975581
Hospital_1,86,3,3,1e-05,0.0,0.0,0.999976,1.3e-05,1e-06
Hospital_1,87,2,2,0.055318,1e-06,0.94395,0.000382,0.000256,9.3e-05
Hospital_1,88,2,2,0.019926,1.2e-05,0.979716,5.1e-05,0.000149,0.000146
Hospital_1,89,2,2,0.049299,1e-06,0.950143,0.000258,0.000218,8.1e-05
Hospital_1,90,2,2,0.025471,1e-06,0.974335,6.2e-05,8.1e-05,5e-05
Hospital_1,91,2,2,0.021578,1e-06,0.978267,4.1e-05,6.5e-05,4.8e-05
Hospital_1,92,2,2,0.031227,1e-06,0.968523,7.5e-05,0.000102,7.1e-05
Hospital_1,93,2,2,0.037307,1e-06,0.96231,0.000158,0.000153,7.1e-05
Hospital_1,94,3,3,0.0,0.0,0.0,0.999988,1.2e-05,0.0
Hospital_1,95,2,2,0.019155,7e-06,0.980564,4.5e-05,0.000115,0.000114
Hospital_1,96,2,2,0.032054,1e-06,0.967718,8e-05,9.9e-05,4.8e-05
Hospital_1,97,2,2,0.019976,3e-06,0.979817,3e-05,9.6e-05,7.7e-05
Hospital_1,98,2,2,0.024358,2e-06,0.975446,4e-05,8.2e-05,7.1e-05
Hospital_1,99,5,5,0.000142,2.1e-05,0.0,0.000195,0.013392,0.986249
Hospital_1,100,5,5,0.000183,4.5e-05,0.0,0.001222,0.005672,0.992879
Hospital_1,101,2,2,0.074875,1e-06,0.923966,0.000597,0.000437,0.000124
Hospital_1,102,3,3,0.007433,0.0,0.00047,0.990527,0.001462,0.000109
Hospital_1,103,2,2,0.028408,1e-06,0.971345,8e-05,0.000109,5.7e-05
Hospital_1,104,2,2,0.025614,2.2e-05,0.973822,6.6e-05,0.00024,0.000237
Hospital_1,105,3,3,9e-06,0.0,0.0,0.999762,0.000227,2e-06
Hospital_1,106,2,2,0.024187,0.0,0.975603,0.000102,7.5e-05,3.3e-05
Hospital_1,107,2,2,0.027292,2e-06,0.972466,5.3e-05,0.000112,7.5e-05
Hospital_1,108,0,0,0.983387,2.6e-05,0.013568,0.000628,0.001067,0.001324
Hospital_1,109,5,5,0.000601,5.2e-05,0.0,0.001313,0.008398,0.989637
Hospital_1,110,2,2,0.040606,1e-06,0.95914,0.000101,0.0001,5.2e-05
Hospital_1,111,5,5,2.9e-05,4e-06,0.0,8.5e-05,0.01278,0.987102
Hospital_1,112,3,3,0.000173,8.8e-05,4.6e-05,0.872362,0.127124,0.000207
Hospital_1,113,3,3,0.0,0.0,0.0,0.982027,0.017966,7e-06
Hospital_1,114,5,5,0.000178,2.8e-05,0.0,5.1e-05,0.012603,0.987139
Hospital_1,115,2,2,0.058925,1e-06,0.94026,0.000435,0.000286,9.3e-05
Hospital_1,116,3,3,0.001676,0.0,0.0,0.996688,0.001562,7.5e-05
Hospital_1,117,3,3,0.0,0.0,0.0,0.999889,0.000111,0.0
Hospital_1,118,3,3,3e-06,0.0,0.0,0.999942,5.5e-05,0.0
Hospital_1,119,3,3,5.8e-05,0.0,0.0,0.998386,0.001525,2.9e-05
Hospital_1,120,2,2,0.019943,2e-06,0.979874,3.9e-05,8e-05,6.3e-05
Hospital_1,121,2,2,0.027167,2.2e-05,0.972118,8.6e-05,0.000314,0.000292
Hospital_1,122,3,3,1e-05,0.0,0.0,0.999478,0.000503,9e-06
Hospital_1,123,1,1,1.5e-05,0.996415,0.0,2e-06,2.2e-05,0.003547
Hospital_1,124,2,2,0.022277,1e-06,0.977562,4.2e-05,7.3e-05,4.5e-05
Hospital_1,125,3,3,5e-06,0.0,0.0,0.999935,5.9e-05,1e-06
Hospital_1,126,3,3,0.0,0.0,0.0,0.999879,0.000121,0.0
Hospital_1,127,2,2,0.01933,3e-06,0.980479,3.1e-05,8.5e-05,7.2e-05
Hospital_1,128,3,3,4e-06,0.0,7e-06,0.99993,5.8e-05,1e-06
Hospital_1,129,2,2,0.022508,1e-06,0.97735,4.2e-05,6.1e-05,3.9e-05
Hospital_1,130,2,2,0.026232,9e-06,0.973363,5.8e-05,0.000183,0.000155
Hospital_1,131,5,5,0.000851,6.7e-05,0.0,0.01469,0.059607,0.924785
Hospital_1,132,1,1,4.2e-05,0.951272,0.0,3.9e-05,0.000537,0.04811
Hospital_1,133,2,2,0.03042,1e-06,0.969255,0.000133,0.00013,6.2e-05
Hospital_1,134,2,2,0.022958,2e-06,0.976867,3.9e-05,7.9e-05,5.5e-05
Hospital_1,135,0,0,0.988802,1.1e-05,0.005849,0.001292,0.001665,0.002382
Hospital_1,136,3,3,7e-06,0.0,0.0,0.999874,0.000117,2e-06
Hospital_1,137,3,3,1e-06,0.0,2e-06,0.999906,8.9e-05,2e-06
Hospital_1,138,2,2,0.026063,2.1e-05,0.973361,6.8e-05,0.000235,0.000252
Hospital_1,139,2,2,0.053234,0.0,0.946355,0.000237,0.000124,5e-05
Hospital_1,140,2,2,0.053261,1e-06,0.946179,0.000333,0.000158,6.9e-05
Hospital_1,141,2,2,0.021012,2e-06,0.978811,3e-05,8.7e-05,5.8e-05
Hospital_1,142,2,2,0.023133,6e-06,0.976557,4.6e-05,0.000139,0.000119
Hospital_1,143,2,2,0.024316,1.7e-05,0.975229,5.5e-05,0.000188,0.000195
Hospital_1,144,5,5,0.002043,0.288795,0.0,0.001753,0.009337,0.698071
Hospital_1,145,2,2,0.025911,2e-06,0.973899,4.3e-05,8.3e-05,6.2e-05
Hospital_1,146,2,2,0.020991,1.1e-05,0.978647,4.5e-05,0.000152,0.000153
Hospital_1,147,3,3,0.0,0.0,0.0,0.999968,3.1e-05,1e-06
Hospital_1,148,2,2,0.04276,1e-06,0.956815,0.0002,0.000158,6.7e-05
Hospital_1,149,3,3,3.6e-05,0.0,0.0,0.999912,5e-05,2e-06
Hospital_1,150,2,2,0.028752,1e-06,0.971006,8.1e-05,0.000102,5.8e-05
Hospital_1,151,2,2,0.063649,1e-06,0.935396,0.00051,0.00034,0.000105
Hospital_1,152,3,3,1e-06,0.0,0.0,0.997909,0.002086,4e-06
Hospital_1,153,2,2,0.027436,8e-06,0.972172,5.5e-05,0.000183,0.000145
Hospital_1,154,2,2,0.068001,1e-06,0.930934,0.000584,0.000376,0.000104
Hospital_1,155,5,5,0.000133,0.000111,0.0,0.000132,0.005837,0.993786
Hospital_1,156,2,2,0.022214,3e-06,0.977565,4.4e-05,0.000104,7e-05
Hospital_1,157,5,5,6.5e-05,2.5e-05,0.0,0.000263,0.001257,0.99839
Hospital_1,158,1,1,9.3e-05,0.902232,0.0,4.6e-05,0.000647,0.096982
Hospital_1,159,5,5,0.002776,0.266609,0.0,0.001516,0.009077,0.720022
Hospital_1,160,2,2,0.061646,1e-06,0.937519,0.000418,0.000306,0.00011
Hospital_1,161,2,2,0.029344,1e-06,0.970389,0.000107,0.000108,5.2e-05
Hospital_1,162,2,2,0.023246,1.7e-05,0.976287,6.1e-05,0.000189,0.000199
Hospital_1,163,2,2,0.021927,3e-06,0.977885,3.6e-05,8.1e-05,6.8e-05
Hospital_1,164,5,5,0.000236,1e-05,0.0,0.002476,0.043251,0.954027
Hospital_1,165,3,3,0.0,0.0,0.0,0.999978,2.1e-05,0.0
Hospital_1,166,3,3,1.4e-05,0.0,1e-06,0.998596,0.001385,5e-06
Hospital_1,167,3,3,0.000392,0.0,1e-06,0.99952,8.4e-05,2e-06
Hospital_1,168,2,2,0.02188,7e-06,0.977816,4.5e-05,0.000132,0.000121
Hospital_1,169,3,3,9.6e-05,1e-06,0.000127,0.999435,0.000326,1.5e-05
Hospital_1,170,5,5,5.6e-05,1e-06,0.0,0.001577,0.029321,0.969044
Hospital_1,171,2,2,0.048444,1e-06,0.950985,0.00034,0.000172,5.9e-05
Hospital_1,172,2,2,0.025043,1e-06,0.97478,6.2e-05,6.9e-05,4.5e-05
Hospital_1,173,2,2,0.032136,1e-06,0.967548,9.8e-05,0.000145,7.2e-05
Hospital_1,174,5,5,0.000325,0.000395,0.0,0.00047,0.006794,0.992015
Hospital_1,175,2,2,0.023937,1e-06,0.975854,5.7e-05,9.4e-05,5.6e-05
Hospital_1,176,3,3,0.00064,0.0,2e-06,0.999316,3.7e-05,5e-06
Hospital_1,177,2,2,0.02589,1e-06,0.973953,3.9e-05,7.3e-05,4.3e-05
Hospital_1,178,3,3,5.8e-05,1e-06,2.1e-05,0.999789,0.000126,5e-06
Hospital_1,179,3,3,6e-06,0.0,1e-06,0.998695,0.001292,6e-06
Hospital_1,180,3,3,1e-06,0.0,0.0,0.999356,0.000639,4e-06
Hospital_1,181,5,5,0.000219,6e-06,0.0,0.003163,0.013893,0.982718
Hospital_1,182,5,5,0.000641,0.000132,0.0,0.001477,0.005688,0.992063
Hospital_1,183,5,5,0.001184,0.000721,0.0,0.004188,0.034511,0.959396
Hospital_1,184,3,3,3e-05,0.0,0.0,0.992982,0.006969,1.8e-05
Hospital_1,185,2,2,0.057709,1e-06,0.941518,0.000406,0.000277,8.9e-05
Hospital_1,186,2,2,0.026703,8e-06,0.972865,6.6e-05,0.0002,0.000158
Hospital_1,187,5,5,9.8e-05,4e-06,0.0,0.000671,0.013774,0.985453
Hospital_1,188,3,3,4e-06,0.0,0.0,0.997422,0.002568,6e-06
Hospital_1,189,2,2,0.018591,3e-06,0.981219,4.2e-05,8.1e-05,6.5e-05
Hospital_1,190,2,2,0.025505,2e-06,0.974286,4.4e-05,9e-05,7.3e-05
Hospital_1,191,2,2,0.023194,8e-06,0.976473,4.7e-05,0.000144,0.000133
Hospital_1,192,3,3,0.000319,0.0,0.0,0.999553,0.000126,1e-06
Hospital_1,193,0,0,0.975319,1.4e-05,0.009286,0.003869,0.005695,0.005817
Hospital_1,194,0,0,0.987144,1.8e-05,0.006696,0.000836,0.001985,0.00332
Hospital_1,195,3,3,0.000106,0.0,2e-06,0.999802,8.9e-05,2e-06
Hospital_1,196,2,2,0.02209,7e-06,0.977579,5.6e-05,0.000149,0.000119
Hospital_1,197,2,2,0.049012,1e-06,0.950256,0.000402,0.000247,8.3e-05
Hospital_1,198,5,5,8.1e-05,1e-05,0.0,0.000454,0.013146,0.98631
Hospital_1,199,2,2,0.020871,5e-06,0.978885,3.6e-05,0.000108,9.4e-05
Hospital_1,200,5,5,0.000119,7.3e-05,0.0,0.000124,0.005221,0.994464
Hospital_1,201,2,2,0.022634,1.7e-05,0.976913,5.9e-05,0.000184,0.000193
Hospital_1,202,3,3,0.000182,1e-06,0.0,0.999082,0.000717,1.8e-05
Hospital_1,203,2,2,0.044527,1e-06,0.954878,0.000349,0.000181,6.4e-05
Hospital_1,204,2,2,0.020831,1e-06,0.978995,4.9e-05,7.3e-05,5.1e-05
Hospital_1,205,5,5,0.000159,0.000272,0.0,0.000546,0.002442,0.996581
Hospital_1,206,2,2,0.035949,1e-06,0.963631,0.000225,0.00014,5.5e-05
Hospital_1,207,2,2,0.037735,1e-06,0.961867,0.000195,0.000143,6e-05
Hospital_1,208,3,3,2.3e-05,0.0,1e-06,0.998617,0.001346,1.3e-05
Hospital_1,209,2,2,0.047241,1e-06,0.9524,0.000165,0.000135,5.8e-05
Hospital_1,210,2,2,0.033968,1e-06,0.965775,9.9e-05,0.000103,5.5e-05
Hospital_1,211,3,3,0.000463,0.0,0.0,0.999467,6.5e-05,5e-06
Hospital_1,212,5,5,0.000143,3.2e-05,0.0,0.001845,0.052189,0.945792
Hospital_1,213,2,2,0.020635,6e-06,0.979079,4.9e-05,0.000125,0.000105
Hospital_1,214,5,5,0.00033,0.000113,0.0,0.001005,0.119436,0.879116
Hospital_1,215,2,2,0.017756,3e-06,0.982057,3.3e-05,8.7e-05,6.5e-05
Hospital_1,216,2,2,0.023502,1.5e-05,0.976006,6.2e-05,0.000215,0.0002
Hospital_1,217,5,5,9.7e-05,1.1e-05,0.0,0.000455,0.014214,0.985223
Hospital_1,218,0,0,0.976342,2.6e-05,0.014867,0.000756,0.003066,0.004942
Hospital_1,219,2,2,0.022016,4e-06,0.977731,3.5e-05,0.000118,9.6e-05
Hospital_1,220,2,2,0.018761,2e-06,0.981097,2.5e-05,6.2e-05,5.3e-05
Hospital_1,221,3,3,0.0,0.0,0.0,0.999923,7.7e-05,0.0
Hospital_1,222,2,2,0.026859,1e-06,0.972964,4.4e-05,7.8e-05,5.2e-05
Hospital_1,223,2,2,0.021728,1e-05,0.977936,4.1e-05,0.000146,0.000138
Hospital_1,224,2,2,0.024863,8e-06,0.974766,5.6e-05,0.000171,0.000137
Hospital_1,225,5,5,1.5e-05,5e-06,0.0,0.000263,0.003786,0.995931
Hospital_1,226,2,2,0.021396,1e-06,0.978418,5.6e-05,8.2e-05,4.7e-05
Hospital_1,227,2,2,0.031496,1e-06,0.968181,0.000167,0.000109,4.6e-05
Hospital_1,228,2,2,0.02497,1e-06,0.9748,7.8e-05,9.3e-05,5.9e-05
Hospital_1,229,5,5,0.000152,6.9e-05,0.0,0.000111,0.009491,0.990178
Hospital_1,230,2,2,0.029181,2e-06,0.970577,5.2e-05,0.000113,7.5e-05
Hospital_1,231,3,3,4.3e-05,0.0,0.0,0.999936,1.8e-05,2e-06
Hospital_1,232,3,3,0.0,0.0,0.0,0.981165,0.01883,5e-06
Hospital_1,233,2,2,0.021418,2e-06,0.978402,3.7e-05,7.7e-05,6.5e-05
Hospital_1,234,5,5,3.6e-05,6e-06,0.0,0.000127,0.008441,0.99139
Hospital_1,235,2,2,0.023891,1e-06,0.975944,4.1e-05,6.7e-05,5.6e-05
Hospital_1,236,5,5,0.000286,3.6e-05,0.0,0.000653,0.146261,0.852765
Hospital_1,237,5,5,6.4e-05,1.6e-05,0.0,0.000532,0.001766,0.997622
Hospital_1,238,3,3,1e-06,0.0,0.0,0.999971,2.7e-05,1e-06
Hospital_1,239,2,2,0.030391,2.4e-05,0.968908,7.4e-05,0.000321,0.000282
Hospital_1,240,3,3,3e-05,0.0,0.0,0.999796,0.000172,2e-06
Hospital_1,241,2,2,0.026579,9e-06,0.972957,6.9e-05,0.000216,0.00017
Hospital_1,242,0,0,0.987114,8e-06,0.006706,0.000878,0.0029,0.002393
Hospital_1,243,5,5,7.9e-05,1.5e-05,0.0,0.001468,0.004475,0.993963
Hospital_1,244,2,2,0.018195,4e-06,0.981561,3.6e-05,0.00012,8.4e-05
Hospital_1,245,5,5,0.000319,0.000171,0.0,0.001716,0.003938,0.993856
Hospital_1,246,2,2,0.021025,2e-06,0.978776,5.7e-05,8.7e-05,5.4e-05
Hospital_1,247,3,3,0.0,0.0,0.0,0.999964,3.6e-05,0.0
Hospital_1,248,5,5,0.002279,0.288166,0.0,0.001568,0.009525,0.698462
Hospital_1,249,2,2,0.020847,7e-06,0.978858,4.7e-05,0.000123,0.000118
Hospital_1,250,2,2,0.022419,2e-06,0.977378,4e-05,9.3e-05,6.8e-05
Hospital_1,251,3,3,2e-06,0.0,0.0,0.999801,0.000194,3e-06
Hospital_1,252,3,3,0.000138,0.0,8e-06,0.996627,0.003206,2e-05
Hospital_1,253,3,3,0.0,0.0,0.0,0.999211,0.000784,5e-06
Hospital_1,254,2,2,0.029564,1e-06,0.970233,5.3e-05,8.8e-05,6e-05
Hospital_1,255,3,3,3.1e-05,0.0,0.0,0.999956,1.2e-05,0.0
Hospital_1,256,2,2,0.044671,1e-06,0.954856,0.000217,0.00018,7.5e-05
Hospital_1,257,2,2,0.02422,1.7e-05,0.975303,6.1e-05,0.000209,0.000189
Hospital_1,258,2,2,0.030875,1e-06,0.96887,7.7e-05,0.000109,6.7e-05
Hospital_1,259,3,3,0.0,0.0,0.0,0.994252,0.005726,2.1e-05
Hospital_1,260,3,3,1e-06,0.0,0.0,0.999989,1e-05,0.0
Hospital_1,261,3,3,0.004019,1e-06,0.0,0.993627,0.002282,7.1e-05
Hospital_1,262,2,2,0.025905,1e-06,0.973935,4.8e-05,6.8e-05,4.3e-05
Hospital_1,263,2,2,0.03473,1e-06,0.965012,0.00011,0.000101,4.7e-05
Hospital_1,264,2,2,0.019841,1e-06,0.979955,6.5e-05,8.7e-05,5e-05
Hospital_1,265,2,2,0.020227,1.2e-05,0.979374,5.6e-05,0.000176,0.000156
Hospital_1,266,2,2,0.045439,1e-06,0.954123,0.000239,0.000145,5.3e-05
Hospital_1,267,5,5,0.001431,0.408431,0.0,0.000956,0.008279,0.580903
Hospital_1,268,5,5,0.000118,2.7e-05,0.0,0.000449,0.003277,0.996129
Hospital_1,269,2,2,0.023959,1e-06,0.975867,4.5e-05,7.7e-05,5e-05
Hospital_1,270,3,3,2e-06,0.0,0.0,0.999922,7.5e-05,2e-06
Hospital_1,271,2,2,0.026733,2e-06,0.973059,4.3e-05,9.3e-05,7e-05
Hospital_1,272,2,2,0.018611,2e-06,0.981203,3.5e-05,8.6e-05,6.2e-05
Hospital_1,273,0,0,0.981898,0.000162,0.016029,0.000166,0.000419,0.001325
Hospital_1,274,2,2,0.029676,1e-06,0.969939,0.000177,0.000147,6e-05
Hospital_1,275,2,2,0.052212,1e-06,0.947049,0.000439,0.000227,7.3e-05
Hospital_1,276,3,3,4e-06,0.0,2e-06,0.999802,0.00019,1e-06
Hospital_1,277,2,2,0.031567,1e-06,0.968152,0.000118,0.000108,5.5e-05
Hospital_1,278,2,2,0.018179,3e-06,0.981654,2.4e-05,7.3e-05,6.7e-05
Hospital_1,279,5,5,0.00014,1.3e-05,0.0,0.000103,0.009411,0.990332
Hospital_1,280,2,2,0.029776,1e-06,0.969999,8.5e-05,9.1e-05,4.8e-05
Hospital_1,281,2,2,0.068889,1e-06,0.930296,0.000433,0.000283,9.8e-05
Hospital_1,282,2,2,0.021492,3e-06,0.978251,7e-05,0.000115,6.9e-05
Hospital_1,283,2,2,0.052185,1e-06,0.94721,0.000343,0.000188,7.3e-05
Hospital_1,284,2,2,0.033157,0.0,0.966525,0.000167,0.000108,4.2e-05
Hospital_1,285,2,2,0.02086,1e-06,0.978979,3.9e-05,7.2e-05,4.9e-05
Hospital_1,286,2,2,0.062526,1e-06,0.936666,0.000433,0.000276,9.8e-05
Hospital_1,287,3,3,0.0,0.0,0.0,0.995133,0.004853,1.3e-05
Hospital_1,288,5,5,0.00055,8.6e-05,0.0,0.007963,0.012406,0.978996
Hospital_1,289,2,2,0.023249,1e-06,0.97657,4.9e-05,7.7e-05,5.3e-05
Hospital_1,290,2,2,0.045728,1e-06,0.953639,0.000382,0.000183,6.6e-05
Hospital_1,291,5,5,9.3e-05,2.8e-05,0.0,0.000313,0.002221,0.997346
Hospital_1,292,2,2,0.020131,7e-06,0.979567,5e-05,0.000127,0.000117
Hospital_1,293,2,2,0.023132,2e-06,0.97667,4.2e-05,8.4e-05,7e-05
Hospital_1,294,1,1,2.8e-05,0.993601,0.0,4e-06,8.3e-05,0.006284
Hospital_1,295,2,2,0.028945,1e-06,0.970843,6.7e-05,8.7e-05,5.6e-05
Hospital_1,296,5,5,8.2e-05,1.1e-05,0.0,0.001169,0.023342,0.975395
Hospital_1,297,2,2,0.020083,2e-06,0.979745,4e-05,7.3e-05,5.7e-05
Hospital_1,298,1,1,2.3e-05,0.992613,0.0,1e-06,7.9e-05,0.007284
Hospital_1,299,2,2,0.029466,1e-06,0.970299,6.4e-05,0.000102,6.7e-05
Hospital_1,300,2,2,0.024108,1e-06,0.975719,5.1e-05,7.5e-05,4.6e-05
Hospital_1,301,2,2,0.031775,1e-06,0.968004,7.9e-05,9.4e-05,4.8e-05
Hospital_1,302,3,3,2e-06,0.0,0.0,0.999975,2.3e-05,0.0
Hospital_1,303,3,3,0.001869,3.6e-05,0.000261,0.95804,0.039514,0.000281
Hospital_1,304,3,3,1e-06,0.0,0.0,0.999995,5e-06,0.0
Hospital_1,305,5,5,0.000108,3.6e-05,0.0,0.000542,0.003011,0.996303
Hospital_1,306,2,2,0.017705,5e-06,0.982056,4.1e-05,0.000101,9.2e-05
Hospital_1,307,3,3,0.0,0.0,0.0,0.999779,0.000221,0.0
Hospital_1,308,0,0,0.973748,0.000165,0.020532,0.000401,0.001627,0.003527
Hospital_1,309,2,2,0.033073,1e-06,0.966686,6.2e-05,0.000112,6.6e-05
Hospital_1,310,5,5,0.002598,0.326033,0.0,0.001237,0.007305,0.662828
Hospital_1,311,2,2,0.029939,1e-06,0.969829,7.1e-05,0.000101,5.9e-05
Hospital_1,312,2,2,0.022439,1e-06,0.9774,4.2e-05,7.6e-05,4.2e-05
Hospital_1,313,2,2,0.022468,6e-06,0.977254,4.2e-05,0.000118,0.000112
Hospital_1,314,2,2,0.019972,9e-06,0.979707,4.5e-05,0.000141,0.000126
Hospital_1,315,5,5,5.7e-05,7e-06,0.0,0.000657,0.006347,0.992933
Hospital_1,316,3,3,0.0,0.0,2e-06,0.998643,0.001348,6e-06
Hospital_1,317,2,2,0.044689,1e-06,0.95504,0.000121,0.000101,4.8e-05
Hospital_1,318,5,5,8.6e-05,2.8e-05,0.0,0.000175,0.009495,0.990216
Hospital_1,319,2,2,0.037561,0.0,0.962201,0.000111,8.8e-05,3.9e-05
Hospital_1,320,3,3,6e-06,0.0,9e-06,0.999941,4.3e-05,1e-06
Hospital_1,321,2,2,0.028913,1e-06,0.970877,5.5e-05,9e-05,6.4e-05
Hospital_1,322,5,5,0.002254,0.2696,0.0,0.001838,0.009316,0.716992
Hospital_1,323,3,3,0.000105,0.0,0.0,0.996509,0.003375,1e-05
Hospital_1,324,5,5,0.000227,1.5e-05,0.0,0.000867,0.018815,0.980076
Hospital_1,325,2,2,0.018022,2e-06,0.981829,2.4e-05,6.6e-05,5.7e-05
Hospital_1,326,2,2,0.040906,0.0,0.95882,0.00015,8.7e-05,3.6e-05
Hospital_1,327,3,3,0.0,0.0,0.0,0.999405,0.000594,0.0
Hospital_1,328,5,5,0.000486,0.000154,0.0,0.000657,0.011845,0.986858
Hospital_1,329,5,5,0.001513,0.000607,0.0,0.000395,0.02076,0.976725
Hospital_1,330,3,3,0.000107,0.0,8e-06,0.999177,0.000701,8e-06
Hospital_1,331,2,2,0.023142,1e-06,0.976699,3.7e-05,7e-05,5.1e-05
Hospital_1,332,3,3,2e-06,5e-06,0.0,0.999784,0.000208,1e-06
Hospital_1,333,3,3,1.5e-05,0.0,0.000186,0.999303,0.000488,8e-06
Hospital_1,334,2,2,0.028018,1e-06,0.971809,4.6e-05,7.3e-05,5.3e-05
Hospital_1,335,1,1,7.1e-05,0.63127,0.0,0.00075,0.002145,0.365764
Hospital_1,336,2,2,0.026467,2e-06,0.973345,4.7e-05,8.8e-05,5.1e-05
Hospital_1,337,5,5,3.9e-05,5.2e-05,0.0,0.009797,0.057534,0.932578
Hospital_1,338,2,2,0.027199,8e-06,0.972347,7.2e-05,0.000222,0.000152
Hospital_1,339,2,2,0.038612,2e-06,0.961005,0.000118,0.000169,9.4e-05
Hospital_1,340,2,2,0.024069,1.8e-05,0.975424,6.2e-05,0.000208,0.000219
Hospital_1,341,3,3,0.0,0.0,0.0,0.999138,0.00086,1e-06
Hospital_1,342,5,5,0.000198,0.000587,0.0,0.000216,0.01507,0.983928
Hospital_1,343,2,2,0.019848,6e-06,0.979879,4.2e-05,0.000117,0.000108
Hospital_1,344,2,2,0.028933,1e-06,0.970849,6.5e-05,9.1e-05,6e-05
Hospital_1,345,3,3,7.2e-05,0.0,0.0,0.999812,0.000112,3e-06
Hospital_1,346,5,5,0.000168,3.9e-05,0.0,0.00115,0.004544,0.994099
Hospital_1,347,3,3,0.0,0.0,0.0,0.999992,7e-06,0.0
Hospital_1,348,3,3,2.8e-05,0.0,0.0,0.999914,5.8e-05,1e-06
Hospital_1,349,2,2,0.028451,2e-06,0.971326,4.7e-05,9.8e-05,7.6e-05
Hospital_1,350,2,2,0.027948,2e-06,0.971847,4.4e-05,9e-05,7e-05
Hospital_1,351,2,2,0.027614,1e-06,0.972164,7.5e-05,9e-05,5.6e-05
Hospital_1,352,3,3,0.000347,0.0,0.0,0.999586,6.6e-05,1e-06
Hospital_1,353,3,3,0.000161,0.0,1e-06,0.999671,0.000165,2e-06
Hospital_1,354,2,2,0.021897,1e-06,0.977943,6.2e-05,6.4e-05,3.2e-05
Hospital_1,355,1,1,2.2e-05,0.989344,0.0,5e-06,0.000208,0.010422
Hospital_1,356,2,2,0.027941,2.1e-05,0.971404,7.8e-05,0.000296,0.00026
Hospital_1,357,2,2,0.026446,7e-06,0.973239,4.3e-05,0.000142,0.000123
Hospital_1,358,3,3,0.000779,0.0,0.0,0.998818,0.000397,6e-06
Hospital_1,359,3,3,1e-06,0.0,0.0,0.999955,4.4e-05,0.0
Hospital_1,360,2,2,0.050183,1e-06,0.949297,0.000282,0.000168,6.8e-05
Hospital_1,361,2,2,0.022347,1.8e-05,0.977183,6.2e-05,0.000191,0.000199
Hospital_1,362,3,3,2e-06,0.0,9e-06,0.999844,0.000144,1e-06
Hospital_1,363,0,0,0.983211,2.7e-05,0.010878,0.000413,0.001457,0.004014
Hospital_1,364,2,2,0.019569,7e-06,0.98015,4.4e-05,0.000121,0.00011
Hospital_1,365,2,2,0.054953,1e-06,0.944418,0.000366,0.000188,7.5e-05
Hospital_1,366,1,1,4.5e-05,0.996313,0.0,4e-06,0.000126,0.003512
Hospital_1,367,2,2,0.062331,1e-06,0.93701,0.000375,0.000201,8.2e-05
Hospital_1,368,1,1,0.000122,0.918717,0.0,2e-05,0.00042,0.080721
Hospital_1,369,5,5,0.000183,2.6e-05,0.0,0.000134,0.01045,0.989207
Hospital_1,370,3,3,7e-06,0.0,0.0,0.999797,0.000192,3e-06
Hospital_1,371,2,2,0.019805,3e-06,0.980001,2.9e-05,8.6e-05,7.5e-05
Hospital_1,372,3,3,4.7e-05,0.0,0.0,0.999704,0.000244,4e-06
Hospital_1,373,3,3,3.6e-05,0.0,0.0,0.999827,0.000125,1.2e-05
Hospital_1,374,5,5,0.000116,2.4e-05,0.0,0.000886,0.002657,0.996317
Hospital_1,375,5,5,0.000214,0.000184,0.0,0.000504,0.009546,0.989552
Hospital_1,376,3,3,0.0,0.0,0.0,0.991326,0.008665,9e-06
Hospital_1,377,3,3,9.9e-05,0.0,0.0,0.999721,0.000178,3e-06
Hospital_1,378,5,5,0.000173,1.8e-05,0.0,0.000218,0.0098,0.989791
Hospital_1,379,5,5,0.000433,1.6e-05,0.0,0.001843,0.051304,0.946404
Hospital_1,380,3,3,0.0,0.0,0.0,0.999527,0.000472,1e-06
Hospital_1,381,2,2,0.030021,0.0,0.96966,0.000178,0.0001,4e-05
Hospital_1,382,0,0,0.985799,1.4e-05,0.006734,0.000799,0.003578,0.003077
Hospital_1,383,2,2,0.033303,1e-06,0.966429,7.9e-05,0.000113,7.5e-05
Hospital_1,384,2,2,0.031622,1e-06,0.968087,9.6e-05,0.000124,7e-05
Hospital_1,385,5,5,0.000172,1.1e-05,0.0,0.000744,0.151717,0.847356
Hospital_1,386,3,3,0.000262,1.6e-05,1e-06,0.999335,0.00038,7e-06
Hospital_1,387,2,2,0.023275,8e-06,0.976395,4.6e-05,0.000141,0.000135
Hospital_1,388,2,2,0.023862,3e-06,0.975901,4.5e-05,0.000112,7.6e-05
Hospital_1,389,0,0,0.958331,0.000252,0.02841,0.000649,0.003886,0.008471
Hospital_1,390,3,3,0.0,0.0,2e-06,0.999879,0.000119,1e-06
Hospital_1,391,3,3,0.0,0.0,0.0,0.999966,3.3e-05,0.0
Hospital_1,392,3,3,0.000179,0.0,0.0,0.999708,0.000111,2e-06
Hospital_1,393,3,3,1e-06,0.0,0.0,0.999983,1.6e-05,1e-06
Hospital_1,394,2,2,0.060028,1e-06,0.939419,0.000342,0.000151,5.9e-05
Hospital_1,395,2,2,0.017971,1e-06,0.981891,4.2e-05,5.7e-05,3.8e-05
Hospital_1,396,1,1,8.6e-05,0.818512,0.0,0.000111,0.001531,0.17976
Hospital_1,397,2,2,0.037394,1e-06,0.962226,0.000169,0.000149,6e-05
Hospital_1,398,1,1,4e-06,0.999524,0.0,0.0,9e-06,0.000463
Hospital_1,399,2,2,0.018095,4e-06,0.981683,3.9e-05,9.9e-05,7.9e-05
Hospital_1,400,3,3,5.1e-05,0.0,0.0,0.999939,1e-05,0.0
Hospital_1,401,2,2,0.023861,3e-06,0.975912,4.8e-05,0.000106,7.1e-05
Hospital_1,402,1,1,1.3e-05,0.980184,0.0,2.3e-05,0.000376,0.019403
Hospital_1,403,2,2,0.030634,1e-06,0.969109,8.9e-05,0.000111,5.6e-05
Hospital_1,404,2,2,0.023857,1.6e-05,0.975679,6e-05,0.000204,0.000185
Hospital_1,405,3,3,0.0,0.0,0.0,0.999957,4.2e-05,0.0
Hospital_1,406,3,3,0.0,0.0,1e-06,0.999591,0.000406,2e-06
Hospital_1,407,2,2,0.036471,1e-06,0.963111,0.000203,0.000149,6.5e-05
Hospital_1,408,2,2,0.02076,3e-06,0.978964,5.3e-05,0.000137,8.3e-05
Hospital_1,409,5,5,5.4e-05,5e-06,0.0,8.9e-05,0.018166,0.981686
Hospital_1,410,3,3,0.000162,0.0,0.0,0.999777,5.4e-05,8e-06
Hospital_1,411,2,2,0.024177,2e-05,0.975302,6.8e-05,0.000216,0.000217
Hospital_1,412,0,0,0.986691,7.7e-05,0.008887,0.000329,0.001225,0.00279
Hospital_1,413,3,3,0.0,0.0,0.0,0.999993,7e-06,0.0
Hospital_1,414,3,3,3e-06,0.0,0.0,0.999971,2.5e-05,0.0
Hospital_1,415,3,3,3.2e-05,0.0,1e-06,0.999937,3e-05,1e-06
Hospital_1,416,2,2,0.053318,1e-06,0.946037,0.000383,0.000188,7.4e-05
Hospital_1,417,5,5,0.000173,2e-05,0.0,0.000742,0.008201,0.990864
Hospital_1,418,2,2,0.042781,1e-06,0.95675,0.000216,0.000177,7.6e-05
Hospital_1,419,3,3,1.9e-05,0.0,0.0,0.998292,0.001677,1.2e-05
Hospital_1,420,2,2,0.027099,2e-06,0.972726,4.1e-05,8e-05,5.2e-05
Hospital_1,421,2,2,0.025949,1.8e-05,0.97354,5.6e-05,0.000219,0.000219
Hospital_1,422,1,1,4e-06,0.999638,0.0,1e-06,7e-06,0.00035
Hospital_1,423,2,2,0.058222,1e-06,0.940834,0.000531,0.000309,0.000103
Hospital_1,424,2,2,0.023891,1.5e-05,0.975663,5.8e-05,0.000189,0.000185
Hospital_1,425,2,2,0.023067,1.7e-05,0.976453,6.4e-05,0.000201,0.000198
Hospital_1,426,2,2,0.026978,2.1e-05,0.972312,9.6e-05,0.000316,0.000276
Hospital_1,427,2,2,0.018527,2e-06,0.981311,2.7e-05,7.3e-05,6e-05
Hospital_1,428,3,3,0.001305,2e-06,9e-06,0.998542,0.000133,9e-06
Hospital_1,429,2,2,0.026004,2.1e-05,0.973451,6.3e-05,0.000227,0.000233
Hospital_1,430,2,2,0.023478,7e-06,0.976213,4.2e-05,0.000135,0.000125
Hospital_1,431,2,2,0.021137,3e-06,0.978647,3.1e-05,0.000106,7.6e-05
Hospital_1,432,3,3,0.000238,0.0,0.0,0.98471,0.015001,5.1e-05
Hospital_1,433,5,5,0.001006,0.000386,0.0,0.004913,0.007016,0.986679
Hospital_1,434,2,2,0.02428,3e-06,0.975485,4.9e-05,0.000109,7.5e-05
Hospital_1,435,2,2,0.018968,2e-06,0.980866,3.2e-05,7.3e-05,6e-05
Hospital_1,436,2,2,0.03075,1e-06,0.969005,9.1e-05,0.000102,5.1e-05
Hospital_1,437,2,2,0.024338,1e-06,0.975461,6.9e-05,8.1e-05,5.1e-05
Hospital_1,438,3,3,0.000202,0.0,0.0,0.999321,0.000473,4e-06
Hospital_1,439,3,3,2e-05,0.0,1e-06,0.999874,0.000103,3e-06
Hospital_1,440,2,2,0.032351,1e-06,0.967405,6.8e-05,0.000104,7.1e-05
Hospital_1,441,2,2,0.052343,1e-06,0.94698,0.000373,0.000224,8e-05
Hospital_1,442,2,2,0.023124,7e-06,0.976545,5.1e-05,0.000145,0.000128
Hospital_1,443,5,5,0.000255,1.3e-05,0.0,0.000618,0.007579,0.991535
Hospital_1,444,0,0,0.970091,0.000205,0.019065,0.000438,0.003003,0.007199
Hospital_1,445,2,2,0.024227,6e-06,0.975479,3.8e-05,0.000129,0.00012
Hospital_1,446,2,2,0.030443,2.4e-05,0.968865,7.1e-05,0.000316,0.00028
Hospital_1,447,2,2,0.022296,2e-06,0.977528,3.6e-05,7.8e-05,5.9e-05
Hospital_1,448,3,3,2e-06,0.0,0.0,0.999978,2e-05,1e-06
Hospital_1,449,2,2,0.023894,2e-06,0.975917,4.4e-05,8.1e-05,6.2e-05
Hospital_1,450,1,1,1.6e-05,0.99608,0.0,3e-06,7.1e-05,0.00383
Hospital_1,451,1,1,2.7e-05,0.992363,0.0,1e-06,5.5e-05,0.007554
Hospital_1,452,5,5,0.002248,0.293538,0.0,0.001586,0.008499,0.694129
Hospital_1,453,2,2,0.017191,7e-06,0.982553,4.3e-05,0.000109,9.7e-05
Hospital_1,454,3,3,0.001693,0.0,6e-06,0.987526,0.010675,0.0001
Hospital_1,455,5,5,8e-05,9e-06,0.0,0.000122,0.01429,0.9855
Hospital_1,456,3,3,0.000237,0.0,3e-06,0.999653,0.000106,2e-06
Hospital_1,457,5,5,8.4e-05,3e-06,0.0,0.000171,0.011455,0.988286
Hospital_1,458,5,5,0.001041,0.000147,0.0,0.003941,0.024787,0.970085
Hospital_1,459,3,3,0.004941,4e-06,1.5e-05,0.989359,0.005455,0.000226
Hospital_1,460,2,2,0.01957,5e-06,0.980208,3.2e-05,9.7e-05,9e-05
Hospital_1,461,2,2,0.045116,1e-06,0.954544,0.000156,0.000128,5.6e-05
Hospital_1,462,3,3,9e-06,0.0,3e-06,0.999867,0.000119,2e-06
Hospital_1,463,2,2,0.021079,9e-06,0.978577,4.8e-05,0.00015,0.000137
Hospital_1,464,5,5,2.7e-05,3e-06,0.0,0.000307,0.004405,0.995258
Hospital_1,465,2,2,0.03271,1e-06,0.966989,0.000119,0.000124,5.7e-05
Hospital_1,466,2,2,0.023267,7e-06,0.976423,5.1e-05,0.000136,0.000116
Hospital_1,467,2,2,0.069413,1e-06,0.929703,0.000484,0.000308,9.2e-05
Hospital_1,468,2,2,0.021736,1.6e-05,0.977817,5.8e-05,0.000181,0.000192
Hospital_1,469,2,2,0.019934,9e-06,0.97974,4.4e-05,0.000137,0.000137
Hospital_1,470,5,5,0.000264,3.3e-05,0.0,0.001172,0.016245,0.982286
Hospital_1,471,3,3,4e-06,0.0,0.0,0.999991,5e-06,0.0
Hospital_1,472,3,3,0.0,0.0,1e-06,0.999936,6.2e-05,1e-06
Hospital_1,473,3,3,0.0,0.0,0.0,0.999913,8.6e-05,0.0
Hospital_1,474,3,3,1.1e-05,0.0,1.6e-05,0.999889,7.9e-05,3e-06
Hospital_1,475,2,2,0.024788,6e-06,0.974909,4e-05,0.000133,0.000124
Hospital_1,476,2,2,0.028533,1e-06,0.971192,8.7e-05,0.000124,6.3e-05
Hospital_1,477,2,2,0.049906,0.0,0.949599,0.000295,0.000146,5.4e-05
Hospital_1,478,2,2,0.024359,1.8e-05,0.975136,6.1e-05,0.000208,0.000217
Hospital_1,479,2,2,0.018403,1.1e-05,0.981259,5e-05,0.000141,0.000137
Hospital_1,480,2,2,0.027522,1e-06,0.972249,7.2e-05,9.4e-05,6.3e-05
Hospital_1,481,3,3,0.0,0.0,0.0,0.999884,0.000115,0.0
Hospital_1,482,2,2,0.024494,1.7e-05,0.975032,5.6e-05,0.000195,0.000205
Hospital_1,483,2,2,0.031293,1e-06,0.968455,9.2e-05,0.000107,5.2e-05
Hospital_1,484,2,2,0.030103,1e-06,0.969643,8e-05,0.000106,6.6e-05
Hospital_1,485,2,2,0.022128,7e-06,0.977576,4.2e-05,0.000126,0.000121
Hospital_1,486,2,2,0.035098,1e-06,0.964628,8.8e-05,0.000118,6.8e-05
Hospital_1,487,5,5,0.000204,0.000359,0.0,0.000273,0.00181,0.997354
Hospital_1,488,2,2,0.024352,1.7e-05,0.975165,5.9e-05,0.000216,0.000191
Hospital_1,489,3,3,8e-06,0.0,0.0,0.997163,0.002821,8e-06
Hospital_1,490,3,3,2e-06,0.0,0.0,0.999657,0.000341,1e-06
Hospital_1,491,2,2,0.046547,1e-06,0.952919,0.000313,0.000162,5.9e-05
Hospital_1,492,3,3,0.000156,0.0,1e-06,0.999812,3.1e-05,1e-06
Hospital_1,493,2,2,0.025027,2e-06,0.974791,3.4e-05,8e-05,6.5e-05
Hospital_1,494,2,2,0.022411,7e-06,0.977306,4e-05,0.000124,0.000113
Hospital_1,495,3,3,0.001741,0.0,2.6e-05,0.996673,0.001542,1.8e-05
Hospital_1,496,2,2,0.024962,1e-06,0.974872,4.1e-05,6.9e-05,5.4e-05
Hospital_1,497,2,2,0.055647,1e-06,0.943717,0.000377,0.000192,6.6e-05
Hospital_1,498,2,2,0.031616,1e-06,0.968148,6.8e-05,0.000104,6.2e-05
Hospital_1,499,2,2,0.02549,1e-06,0.974345,5.3e-05,7.6e-05,3.6e-05
Hospital_1,500,3,3,0.000115,0.0,2e-06,0.99974,0.000138,5e-06
Hospital_1,501,5,5,0.000134,2.9e-05,0.0,0.003336,0.009086,0.987414
Hospital_1,502,2,2,0.023628,4e-06,0.976121,3.8e-05,0.000124,8.6e-05
Hospital_1,503,5,5,7.2e-05,2e-06,0.0,0.001425,0.011218,0.987283
Hospital_1,504,0,0,0.987764,4.3e-05,0.009533,0.000414,0.000892,0.001354
Hospital_1,505,5,5,0.000103,5.5e-05,0.0,0.000154,0.005619,0.99407
Hospital_1,506,3,3,5.3e-05,0.0,2e-05,0.998562,0.00135,1.6e-05
Hospital_1,507,2,2,0.019741,2e-06,0.98009,3.6e-05,7.7e-05,5.4e-05
Hospital_1,508,3,3,1e-06,0.0,0.0,0.999994,4e-06,0.0
Hospital_1,509,3,3,0.004075,1e-06,0.0,0.99324,0.002658,2.7e-05
Hospital_1,510,2,2,0.052469,1e-06,0.946967,0.000311,0.000179,7.3e-05
Hospital_1,511,3,3,0.0,0.0,0.0,0.99998,2e-05,0.0
Hospital_1,512,2,2,0.02834,1e-06,0.971441,5.1e-05,9.9e-05,6.8e-05
Hospital_1,513,3,3,2e-06,0.0,1e-06,0.999911,8.6e-05,1e-06
Hospital_1,514,2,2,0.020536,9e-06,0.979116,4.8e-05,0.000152,0.000138
Hospital_1,515,2,2,0.022805,2e-06,0.976998,4e-05,8.6e-05,6.9e-05
Hospital_1,516,3,3,2.9e-05,0.0,6e-06,0.999843,0.00012,2e-06
Hospital_1,517,5,5,0.000212,2.7e-05,0.0,0.000983,0.034123,0.964655
Hospital_1,518,2,2,0.024547,7e-06,0.97512,5.2e-05,0.000149,0.000126
Hospital_1,519,3,3,0.00103,0.0,4e-06,0.913008,0.085475,0.000483
Hospital_1,520,2,2,0.02212,1.6e-05,0.977463,5.4e-05,0.000166,0.000181
Hospital_1,521,3,3,0.0,0.0,0.0,0.999813,0.000185,1e-06
Hospital_1,522,2,2,0.037044,1e-06,0.962591,0.000143,0.000149,7.1e-05
Hospital_1,523,2,2,0.026809,1e-06,0.972956,9.1e-05,9.5e-05,4.8e-05
Hospital_1,524,3,3,0.0,0.0,0.0,0.999982,1.8e-05,0.0
Hospital_1,525,2,2,0.017463,3e-06,0.982367,2.8e-05,7.5e-05,6.3e-05
Hospital_1,526,2,2,0.053816,0.0,0.945757,0.000259,0.000123,4.5e-05
Hospital_1,527,5,5,4.2e-05,5e-06,0.0,0.001175,0.004372,0.994406
Hospital_1,528,2,2,0.037078,1e-06,0.962621,0.000123,0.000126,5.1e-05
Hospital_1,529,2,2,0.018049,5e-06,0.981708,4.1e-05,0.000103,9.4e-05
Hospital_1,530,3,3,1.2e-05,0.0,0.0,0.99942,0.000557,1.1e-05
Hospital_1,531,3,3,0.0,0.0,0.0,0.999998,2e-06,0.0
Hospital_1,532,2,2,0.030651,3e-06,0.969036,7.1e-05,0.00015,8.9e-05
Hospital_1,533,3,3,1.2e-05,0.0,0.0,0.998384,0.0016,4e-06
Hospital_1,534,3,3,2e-06,0.0,0.0,0.999995,4e-06,0.0
Hospital_1,535,3,3,9.2e-05,0.0,0.0,0.948792,0.050692,0.000424
Hospital_1,536,2,2,0.019926,5e-06,0.979823,3.9e-05,0.000106,0.000101
Hospital_1,537,0,0,0.962818,6.2e-05,0.029543,0.000401,0.002413,0.004762
Hospital_1,538,2,2,0.029983,1e-06,0.969836,4.9e-05,7.9e-05,5.2e-05
Hospital_1,539,2,2,0.031154,1e-06,0.968606,6.8e-05,0.000104,6.7e-05
Hospital_1,540,2,2,0.021874,2e-06,0.977929,5.1e-05,9e-05,5.4e-05
Hospital_1,541,3,3,0.0,0.0,0.0,0.976441,0.02355,9e-06
Hospital_1,542,2,2,0.029009,1e-06,0.970598,0.00018,0.000148,6.4e-05
Hospital_1,543,2,2,0.023317,2e-06,0.976442,6e-05,0.000113,6.6e-05
Hospital_1,544,3,3,1.2e-05,0.0,0.0,0.999977,1e-05,0.0
Hospital_1,545,2,2,0.027815,2e-06,0.971966,4.4e-05,0.000101,7.2e-05
Hospital_1,546,2,2,0.025374,2e-06,0.974408,5.3e-05,0.000101,6.2e-05
Hospital_1,547,2,2,0.048236,1e-06,0.951452,0.000133,0.00012,5.8e-05
Hospital_1,548,2,2,0.025019,2e-06,0.974791,3.8e-05,8.1e-05,6.9e-05
Hospital_1,549,5,5,0.000377,1.5e-05,0.0,0.001437,0.011857,0.986314
Hospital_1,550,2,2,0.035077,1e-06,0.964599,0.00012,0.000138,6.5e-05
Hospital_1,551,2,2,0.018,2e-06,0.981847,2.8e-05,6.6e-05,5.6e-05
Hospital_1,552,2,2,0.023383,7e-06,0.976305,5e-05,0.000137,0.000118
Hospital_1,553,5,5,0.000542,0.000761,0.0,0.000187,0.009222,0.989287
Hospital_1,554,3,3,2e-06,0.0,0.0,0.999543,0.000453,2e-06
Hospital_1,555,1,1,8.2e-05,0.712751,0.0,0.000665,0.001579,0.284922
Hospital_1,556,5,5,0.002021,0.07261,0.0,0.001446,0.020341,0.903582
Hospital_1,557,5,5,8.9e-05,2e-06,0.0,0.000766,0.177097,0.822045
Hospital_1,558,3,3,0.001578,0.0,4e-06,0.995768,0.00264,1e-05
Hospital_1,559,1,1,1e-06,0.999942,0.0,0.0,2e-06,5.5e-05
Hospital_1,560,5,5,9.9e-05,7e-06,0.0,0.002086,0.012976,0.984832
Hospital_1,561,2,2,0.055758,1e-06,0.943476,0.000399,0.000276,9.1e-05
Hospital_1,562,3,3,3e-06,0.0,0.0,0.997735,0.002251,1.1e-05
Hospital_1,563,5,5,0.000406,0.000123,0.0,0.001924,0.010929,0.986619
Hospital_1,564,3,3,6.2e-05,0.0,4e-06,0.999856,7.4e-05,4e-06
Hospital_1,565,3,3,5e-06,0.0,0.0,0.999984,1.1e-05,0.0
Hospital_1,566,2,2,0.023542,8e-06,0.976102,5.1e-05,0.000156,0.000141
Hospital_1,567,2,2,0.031368,1e-06,0.968412,7.1e-05,9.4e-05,5.4e-05
Hospital_1,568,2,2,0.022768,7e-06,0.976924,4.8e-05,0.000135,0.000118
Hospital_1,569,5,5,0.000486,0.000515,0.0,0.000758,0.008023,0.990218
Hospital_1,570,2,2,0.023906,2e-06,0.975905,4.8e-05,8.5e-05,5.5e-05
Hospital_1,571,2,2,0.047742,1e-06,0.951838,0.000181,0.000166,7.1e-05
Hospital_1,572,2,2,0.045591,1e-06,0.953939,0.000238,0.000168,6.4e-05
Hospital_1,573,3,3,9e-06,0.0,0.0,0.99995,3.7e-05,4e-06
Hospital_1,574,3,3,1.8e-05,0.0,0.000202,0.996505,0.003247,2.7e-05
Hospital_1,575,3,3,1e-06,0.0,0.0,0.998648,0.001348,3e-06
Hospital_1,576,3,3,0.00082,0.0,1e-06,0.99903,0.000139,1e-05
Hospital_1,577,2,2,0.020574,8e-06,0.979117,4.9e-05,0.000134,0.000118
Hospital_1,578,3,3,1e-06,0.0,0.0,0.999977,2.2e-05,0.0
Hospital_1,579,2,2,0.064295,1e-06,0.934776,0.000495,0.000321,0.000111
Hospital_1,580,2,2,0.041277,1e-06,0.958278,0.000207,0.000164,7.3e-05
Hospital_1,581,1,1,6e-06,0.997842,0.0,1e-06,3e-05,0.002122
Hospital_1,582,2,2,0.047929,1e-06,0.951547,0.000284,0.000168,7.1e-05
Hospital_1,583,3,3,0.001499,0.0,0.0,0.997867,0.000624,1e-05
Hospital_1,584,3,3,1.2e-05,0.0,0.0,0.99997,1.7e-05,0.0
Hospital_1,585,5,5,0.001454,0.00019,0.0,0.004031,0.030842,0.963484
Hospital_1,586,3,3,2.7e-05,1.3e-05,0.0,0.998428,0.001486,4.6e-05
Hospital_1,587,2,2,0.021598,8e-06,0.97809,4.6e-05,0.000132,0.000126
Hospital_1,588,2,2,0.023895,1e-06,0.975905,5.7e-05,9e-05,5.1e-05
Hospital_1,589,2,2,0.018936,7e-06,0.980781,4.8e-05,0.000117,0.000111
Hospital_1,590,3,3,1e-06,0.0,2e-06,0.997915,0.002063,1.8e-05
Hospital_1,591,2,2,0.058676,1e-06,0.940687,0.000388,0.000177,7.2e-05
Hospital_1,592,5,5,6e-06,6e-05,0.0,0.052916,0.381031,0.565987
Hospital_1,593,2,2,0.028071,1e-06,0.971731,6.7e-05,8.3e-05,4.7e-05
Hospital_1,594,5,5,0.001343,0.000649,0.0,0.006238,0.041669,0.950101
Hospital_1,595,1,1,6.1e-05,0.998089,0.0,1e-06,0.000108,0.001741
Hospital_1,596,2,2,0.057054,1e-06,0.942137,0.000471,0.000255,8.2e-05
Hospital_1,597,2,2,0.020963,1e-06,0.978873,4.5e-05,6.7e-05,5.1e-05
Hospital_1,598,1,1,5.8e-05,0.786555,0.0,6.2e-05,0.001236,0.212089
Hospital_1,599,2,2,0.021471,3e-06,0.978337,3.5e-05,8.3e-05,7.1e-05
Hospital_1,600,3,3,1e-06,0.0,7e-06,0.999791,0.000199,2e-06
Hospital_1,601,2,2,0.033163,1e-06,0.966471,0.000154,0.000146,6.5e-05
Hospital_1,602,2,2,0.034535,1e-06,0.965075,0.000185,0.000142,6.2e-05
Hospital_1,603,3,3,1e-06,0.0,2e-06,0.999843,0.000151,2e-06
Hospital_1,604,2,2,0.02093,9e-06,0.978702,4.9e-05,0.000173,0.000136
Hospital_1,605,3,3,1e-06,0.0,0.0,0.99896,0.001036,3e-06
Hospital_1,606,2,2,0.026073,2.1e-05,0.97336,6.4e-05,0.000231,0.00025
Hospital_1,607,2,2,0.019496,7e-06,0.980216,4.5e-05,0.000123,0.000113
Hospital_1,608,3,3,0.0,0.0,0.0,0.999962,3.8e-05,0.0
Hospital_1,609,3,3,0.0,0.0,0.0,0.99996,4e-05,0.0
Hospital_1,610,3,3,4e-06,0.0,0.0,0.996098,0.003893,5e-06
Hospital_1,611,3,3,0.000549,0.0,0.0,0.99938,7e-05,1e-06
Hospital_1,612,2,2,0.023307,2e-05,0.976122,7.7e-05,0.000242,0.000232
Hospital_1,613,2,2,0.020016,1e-05,0.979651,4.4e-05,0.000136,0.000143
Hospital_1,614,2,2,0.033043,1e-06,0.966618,0.00013,0.000141,6.6e-05
Hospital_1,615,3,3,0.0,0.0,0.0,0.999485,0.000513,2e-06
Hospital_1,616,3,3,2.6e-05,1e-06,0.0,0.86113,0.138469,0.000373
Hospital_1,617,2,2,0.019677,2e-06,0.980117,5.4e-05,9.2e-05,5.8e-05
Hospital_1,618,2,2,0.019092,2e-06,0.980765,2.4e-05,6.4e-05,5.4e-05
