hospital,imagen_idx,y_true,y_pred,prob_0,prob_1,prob_2,prob_3,prob_4,prob_5
Hospital_1,0,2,2,0.00255,1.5e-05,0.997372,3.8e-05,6e-06,1.9e-05
Hospital_1,1,0,0,0.977383,0.000515,0.021386,0.000107,0.000131,0.000478
Hospital_1,2,2,2,0.000946,1e-05,0.998989,3.7e-05,5e-06,1.4e-05
Hospital_1,3,4,4,0.029348,0.001893,0.00198,0.25508,0.642169,0.06953
Hospital_1,4,0,0,0.954857,0.000917,0.043181,7.9e-05,0.000112,0.000853
Hospital_1,5,3,3,0.095176,0.001042,0.020158,0.847673,0.033408,0.002543
Hospital_1,6,0,0,0.970179,0.000194,0.028942,0.000159,0.000237,0.00029
Hospital_1,7,1,1,0.055354,0.742849,0.042575,0.014708,0.010053,0.134461
Hospital_1,8,3,3,1e-06,0.0,0.000556,0.999336,0.000107,0.0
Hospital_1,9,5,5,0.009623,0.003888,0.017716,0.001208,0.000595,0.96697
Hospital_1,10,1,1,0.0236,0.895263,0.014085,0.004942,0.00285,0.05926
Hospital_1,11,2,2,0.001717,1.1e-05,0.99821,3.8e-05,6e-06,1.7e-05
Hospital_1,12,0,0,0.950477,0.000307,0.048058,0.000155,0.000244,0.000758
Hospital_1,13,2,2,0.000978,9e-06,0.998973,2.9e-05,3e-06,7e-06
Hospital_1,14,3,3,2e-06,1e-06,8.2e-05,0.999645,0.00027,1e-06
Hospital_1,15,1,1,0.055933,0.804979,0.037093,0.012494,0.00869,0.080811
Hospital_1,16,2,2,0.00127,1.8e-05,0.998651,3.7e-05,6e-06,1.7e-05
Hospital_1,17,1,1,0.057911,0.827204,0.031631,0.008235,0.005656,0.069363
Hospital_1,18,4,4,0.036641,0.003462,0.003315,0.16728,0.667202,0.1221
Hospital_1,19,0,0,0.975808,0.000198,0.022852,0.00014,0.000303,0.000699
Hospital_1,20,4,4,0.02938,0.0013,0.001857,0.157469,0.71841,0.091583
Hospital_1,21,0,0,0.979274,0.000248,0.019451,0.000148,0.000289,0.00059
Hospital_1,22,0,0,0.950267,0.000233,0.048746,0.000133,0.000176,0.000445
Hospital_1,23,4,3,0.029339,0.001557,0.003184,0.464229,0.429854,0.071837
Hospital_1,24,5,5,0.029333,0.004366,0.01634,0.002871,0.000802,0.946289
Hospital_1,25,5,5,0.011596,0.005088,0.001378,0.000908,0.000976,0.980054
Hospital_1,26,0,0,0.967092,0.000166,0.032048,0.000102,0.000171,0.000423
Hospital_1,27,1,1,0.032716,0.904355,0.022954,0.003732,0.001833,0.034411
Hospital_1,28,5,5,0.004994,0.001031,0.001685,0.000785,0.000715,0.990789
Hospital_1,29,1,1,0.040415,0.826466,0.023872,0.006941,0.00357,0.098737
Hospital_1,30,4,4,0.068235,0.002644,0.003781,0.12641,0.617949,0.18098
Hospital_1,31,1,1,0.056489,0.842435,0.03642,0.004672,0.002858,0.057127
Hospital_1,32,4,4,0.083253,0.01161,0.014796,0.239694,0.485796,0.16485
Hospital_1,33,2,2,0.000278,2e-06,0.999709,8e-06,1e-06,2e-06
Hospital_1,34,1,1,0.01515,0.946764,0.006358,0.001108,0.000518,0.030104
Hospital_1,35,0,0,0.969371,0.000299,0.029187,0.000142,0.00025,0.000751
Hospital_1,36,1,1,0.051614,0.90509,0.019643,0.00307,0.001914,0.018669
Hospital_1,37,0,0,0.980517,0.000183,0.018436,0.000161,0.000351,0.000352
Hospital_1,38,5,5,0.013879,0.002552,0.000854,0.001005,0.002272,0.979437
Hospital_1,39,4,4,0.043151,0.005727,0.005219,0.239197,0.627111,0.079596
Hospital_1,40,2,2,0.001525,1.4e-05,0.998407,3.1e-05,4e-06,1.9e-05
Hospital_1,41,0,0,0.971302,0.00021,0.027433,0.000146,0.000268,0.000641
Hospital_1,42,3,3,0.0,0.0,1.4e-05,0.99998,6e-06,0.0
Hospital_1,43,2,2,0.001484,1.1e-05,0.998439,4.4e-05,6e-06,1.6e-05
Hospital_1,44,3,3,1e-06,0.0,0.000371,0.999594,3.4e-05,0.0
Hospital_1,45,4,4,0.057107,0.002268,0.003478,0.144485,0.640132,0.152531
Hospital_1,46,4,4,0.034569,0.001674,0.002613,0.254914,0.61476,0.091469
Hospital_1,47,0,0,0.909748,0.000411,0.088837,0.000113,0.000117,0.000774
Hospital_1,48,4,4,0.052379,0.003594,0.004761,0.289346,0.553638,0.096282
Hospital_1,49,3,3,2e-06,0.0,0.000113,0.999802,8.3e-05,0.0
Hospital_1,50,5,5,0.008503,0.00116,0.016367,0.001746,0.000548,0.971676
Hospital_1,51,3,3,1.1e-05,1e-06,9.8e-05,0.999518,0.000372,0.0
Hospital_1,52,2,2,0.004972,4.7e-05,0.994909,3.9e-05,9e-06,2.4e-05
Hospital_1,53,3,3,0.0,0.0,0.000246,0.999688,6.6e-05,0.0
Hospital_1,54,2,2,0.001,1.3e-05,0.998949,2.5e-05,4e-06,9e-06
Hospital_1,55,1,1,0.071334,0.630647,0.039951,0.0173,0.012477,0.228291
Hospital_1,56,3,3,1e-06,0.0,7.9e-05,0.99988,3.9e-05,0.0
Hospital_1,57,5,5,0.001853,0.000242,0.012419,0.000539,0.000116,0.984832
Hospital_1,58,1,1,0.011871,0.964857,0.007298,0.000861,0.00037,0.014743
Hospital_1,59,2,2,0.001071,1.3e-05,0.998891,1.7e-05,3e-06,6e-06
Hospital_1,60,4,4,0.042833,0.002872,0.003732,0.272941,0.594822,0.0828
Hospital_1,61,1,1,0.056791,0.819635,0.051262,0.003031,0.00139,0.067891
Hospital_1,62,5,5,0.006787,0.00042,0.000697,0.001303,0.001357,0.989436
Hospital_1,63,0,0,0.846768,0.000369,0.150958,0.000251,0.000292,0.001362
Hospital_1,64,5,5,0.004099,0.000779,0.007397,0.000582,0.000161,0.986982
Hospital_1,65,3,3,0.0,0.0,0.000238,0.99974,2.2e-05,0.0
Hospital_1,66,1,1,0.05364,0.74898,0.034779,0.014429,0.009331,0.138841
Hospital_1,67,0,0,0.96758,0.000279,0.031081,0.000136,0.000249,0.000675
Hospital_1,68,3,3,0.0,0.0,1.3e-05,0.999985,2e-06,0.0
Hospital_1,69,2,2,0.004204,1.7e-05,0.99572,3.5e-05,1e-05,1.3e-05
Hospital_1,70,2,2,0.000858,9e-06,0.999082,3.5e-05,4e-06,1.2e-05
Hospital_1,71,2,2,0.000776,8e-06,0.999187,2.1e-05,3e-06,5e-06
Hospital_1,72,1,1,0.044761,0.835484,0.027392,0.006957,0.003922,0.081484
Hospital_1,73,4,3,0.040419,0.002783,0.004576,0.459805,0.434896,0.05752
Hospital_1,74,0,0,0.990271,0.000121,0.009031,8.8e-05,0.000193,0.000296
Hospital_1,75,2,2,0.003657,3e-05,0.996196,6.5e-05,1.1e-05,4.1e-05
Hospital_1,76,3,3,0.133778,0.00197,0.048519,0.705314,0.09016,0.020259
Hospital_1,77,5,5,0.09066,0.012268,0.031062,0.00742,0.004682,0.853909
Hospital_1,78,4,3,0.024475,0.003675,0.009721,0.72778,0.177002,0.057347
Hospital_1,79,0,0,0.944391,0.000243,0.054577,0.000134,0.000183,0.000472
Hospital_1,80,4,4,0.04777,0.002472,0.003879,0.305259,0.559533,0.081087
Hospital_1,81,2,2,0.001425,1.1e-05,0.998507,3.8e-05,5e-06,1.4e-05
Hospital_1,82,2,2,0.000757,4e-06,0.99922,1.2e-05,2e-06,5e-06
Hospital_1,83,4,4,0.05357,0.004607,0.005564,0.246645,0.54726,0.142356
Hospital_1,84,3,3,0.0,0.0,2.4e-05,0.999968,7e-06,0.0
Hospital_1,85,1,1,0.023444,0.932032,0.011086,0.002755,0.00179,0.028892
Hospital_1,86,4,4,0.08677,0.005743,0.007641,0.218224,0.546978,0.134644
Hospital_1,87,5,5,0.062492,0.019187,0.04166,0.002077,0.000721,0.873863
Hospital_1,88,0,0,0.973488,0.000398,0.025241,7.1e-05,8.1e-05,0.000721
Hospital_1,89,1,1,0.027105,0.908076,0.013474,0.004454,0.002828,0.044063
Hospital_1,90,1,1,0.012997,0.967064,0.007297,0.001486,0.000886,0.01027
Hospital_1,91,3,3,8e-06,1e-06,0.001976,0.997893,0.000122,0.0
Hospital_1,92,4,3,0.048769,0.001902,0.00443,0.454444,0.412266,0.078189
Hospital_1,93,3,3,2e-06,0.0,2.2e-05,0.999954,2.3e-05,0.0
Hospital_1,94,3,3,1e-06,0.0,0.000106,0.999879,1.4e-05,0.0
Hospital_1,95,5,5,0.185116,0.016186,0.009116,0.032725,0.075846,0.681012
Hospital_1,96,0,0,0.971,0.000168,0.027645,0.000157,0.000254,0.000776
Hospital_1,97,1,1,0.032386,0.946898,0.01014,0.000995,0.000581,0.009
Hospital_1,98,4,4,0.064733,0.003449,0.005398,0.289941,0.53699,0.099489
Hospital_1,99,3,3,0.0,0.0,7.6e-05,0.999918,7e-06,0.0
Hospital_1,100,5,5,0.241174,0.042302,0.010084,0.006622,0.012797,0.687021
Hospital_1,101,5,5,0.010473,0.003453,0.021036,0.002093,0.000566,0.962377
Hospital_1,102,3,3,8e-06,0.0,0.000123,0.999745,0.000123,0.0
Hospital_1,103,1,1,0.016828,0.94267,0.01157,0.002531,0.001533,0.024869
Hospital_1,104,1,1,0.013019,0.96406,0.006671,0.001549,0.000763,0.013938
Hospital_1,105,5,5,0.007269,0.000607,0.000813,0.003338,0.003124,0.984849
Hospital_1,106,3,3,0.0,0.0,8.8e-05,0.999883,2.9e-05,0.0
Hospital_1,107,4,0,0.930304,0.000435,0.00232,0.008267,0.026097,0.032576
Hospital_1,108,1,1,0.084442,0.44904,0.054244,0.033055,0.024875,0.354344
Hospital_1,109,3,3,3.7e-05,1e-06,0.000236,0.999255,0.00047,1e-06
Hospital_1,110,2,2,0.003696,1.9e-05,0.996209,4.4e-05,7e-06,2.5e-05
Hospital_1,111,0,0,0.927723,0.000272,0.071151,0.000132,0.000199,0.000523
Hospital_1,112,5,5,0.161715,0.015644,0.010442,0.023452,0.033538,0.755209
Hospital_1,113,1,1,0.01292,0.963847,0.006787,0.001075,0.000577,0.014794
Hospital_1,114,4,4,0.031626,0.00149,0.00232,0.186116,0.649243,0.129206
Hospital_1,115,2,2,0.001039,9e-06,0.998915,2.4e-05,3e-06,1e-05
Hospital_1,116,3,3,1e-06,0.0,0.000375,0.999587,3.6e-05,0.0
Hospital_1,117,1,1,0.024793,0.929648,0.02145,0.001223,0.000682,0.022204
Hospital_1,118,1,1,0.021362,0.911,0.011304,0.003003,0.001612,0.051718
Hospital_1,119,4,4,0.035848,0.003707,0.003997,0.2714,0.570604,0.114444
Hospital_1,120,5,5,0.096249,0.021315,0.004947,0.014167,0.03574,0.827582
Hospital_1,121,5,5,0.152337,0.16438,0.064196,0.059722,0.061229,0.498136
Hospital_1,122,5,5,0.001654,0.000234,0.00147,0.000442,0.000255,0.995945
Hospital_1,123,5,5,0.006685,0.001325,0.017478,0.004079,0.001175,0.969259
Hospital_1,124,3,3,2.2e-05,1e-06,0.00041,0.999429,0.000137,1e-06
Hospital_1,125,0,0,0.965191,0.000277,0.033762,0.000137,0.0002,0.000433
Hospital_1,126,1,1,0.06772,0.612366,0.046899,0.01539,0.008745,0.248882
Hospital_1,127,1,1,0.046327,0.776695,0.02512,0.009547,0.005258,0.137053
Hospital_1,128,1,1,0.015714,0.960452,0.00801,0.001719,0.001064,0.013041
Hospital_1,129,0,0,0.859501,0.000257,0.139313,0.000195,0.000212,0.000522
Hospital_1,130,4,0,0.410037,0.002392,0.003276,0.038002,0.267304,0.27899
Hospital_1,131,3,3,1e-06,0.0,4.4e-05,0.999943,1.2e-05,0.0
Hospital_1,132,4,4,0.078007,0.006681,0.008573,0.352802,0.402323,0.151614
Hospital_1,133,2,2,0.00061,7e-06,0.999345,2.7e-05,4e-06,8e-06
Hospital_1,134,1,1,0.02441,0.932685,0.010678,0.003081,0.001926,0.027219
Hospital_1,135,2,2,0.000544,1e-05,0.999403,3e-05,4e-06,9e-06
Hospital_1,136,3,3,1e-06,0.0,6.3e-05,0.999914,2.2e-05,0.0
Hospital_1,137,5,5,0.162904,0.151859,0.055628,0.050029,0.051049,0.528532
Hospital_1,138,0,0,0.721672,0.000405,0.276056,0.000446,0.000327,0.001095
Hospital_1,139,4,4,0.043111,0.003139,0.002926,0.163948,0.665803,0.121072
Hospital_1,140,1,1,0.036088,0.896949,0.01723,0.004298,0.002332,0.043104
Hospital_1,141,0,0,0.992543,8.5e-05,0.006834,0.000103,0.000134,0.000301
Hospital_1,142,5,5,0.03167,0.010809,0.005878,0.003023,0.004133,0.944487
Hospital_1,143,3,3,0.0,0.0,2.5e-05,0.999965,1e-05,0.0
Hospital_1,144,4,3,0.065626,0.006862,0.00976,0.549668,0.304615,0.063469
Hospital_1,145,2,2,0.002096,2.2e-05,0.997817,4e-05,7e-06,1.8e-05
Hospital_1,146,5,5,0.004706,0.000911,0.016328,0.000879,0.000353,0.976822
Hospital_1,147,3,3,1.3e-05,1e-06,0.003045,0.996799,0.00014,1e-06
Hospital_1,148,5,5,0.050049,0.030153,0.047021,0.003843,0.001336,0.867599
Hospital_1,149,1,1,0.092146,0.460364,0.056427,0.037638,0.029588,0.323836
Hospital_1,150,1,1,0.041613,0.775848,0.023582,0.00847,0.005364,0.145123
Hospital_1,151,4,4,0.07339,0.006545,0.008469,0.367151,0.421023,0.123423
Hospital_1,152,5,5,0.060565,0.010341,0.076474,0.008066,0.002747,0.841808
Hospital_1,153,3,3,3e-06,0.0,0.000521,0.999411,6.4e-05,0.0
Hospital_1,154,5,5,0.009701,0.002556,0.002295,0.001613,0.002075,0.98176
Hospital_1,155,2,2,0.003378,2.4e-05,0.996504,4.9e-05,8e-06,3.7e-05
Hospital_1,156,2,2,0.000775,9e-06,0.999171,3.1e-05,4e-06,9e-06
Hospital_1,157,5,5,0.036316,0.01731,0.04937,0.002136,0.000783,0.894084
Hospital_1,158,2,2,0.00073,1.2e-05,0.999222,2.6e-05,3e-06,7e-06
Hospital_1,159,3,3,0.0,0.0,0.000191,0.999791,1.7e-05,0.0
Hospital_1,160,0,0,0.78817,0.000463,0.209701,0.000354,0.000265,0.001047
Hospital_1,161,1,1,0.02702,0.934469,0.01295,0.002817,0.001705,0.021039
Hospital_1,162,5,5,0.006444,0.001023,0.001242,0.001033,0.000915,0.989344
Hospital_1,163,0,0,0.93861,0.000204,0.060021,0.000243,0.000349,0.000574
Hospital_1,164,4,4,0.028691,0.002368,0.002251,0.198406,0.68368,0.084604
Hospital_1,165,3,3,0.0,0.0,4.8e-05,0.999943,9e-06,0.0
Hospital_1,166,0,0,0.919449,0.000266,0.079102,0.00017,0.000267,0.000746
Hospital_1,167,0,0,0.989403,0.00011,0.009861,8.1e-05,0.000161,0.000384
Hospital_1,168,5,5,0.146451,0.182148,0.05901,0.055648,0.053958,0.502784
Hospital_1,169,1,1,0.040325,0.867508,0.019465,0.005459,0.003013,0.064229
Hospital_1,170,4,3,0.013995,0.001974,0.025986,0.541978,0.40786,0.008207
Hospital_1,171,0,0,0.962718,0.000206,0.035923,0.00017,0.000293,0.00069
Hospital_1,172,3,3,0.0,0.0,8e-06,0.999985,7e-06,0.0
Hospital_1,173,4,4,0.024533,0.001388,0.002089,0.369661,0.545802,0.056528
Hospital_1,174,1,1,0.009727,0.974987,0.004235,0.00053,0.000292,0.010229
Hospital_1,175,0,0,0.975458,0.000388,0.022593,0.000226,0.000489,0.000846
Hospital_1,176,5,5,0.007671,0.000847,0.001428,0.00352,0.002414,0.98412
Hospital_1,177,1,1,0.013258,0.967633,0.005916,0.000799,0.000405,0.011989
Hospital_1,178,2,2,0.006603,3.4e-05,0.993232,7e-05,2.1e-05,4e-05
Hospital_1,179,5,5,0.048855,0.004853,0.003826,0.012427,0.021243,0.908796
Hospital_1,180,5,5,0.036634,0.021579,0.004936,0.001981,0.002727,0.932143
Hospital_1,181,0,0,0.740544,0.000903,0.257377,0.000231,0.000138,0.000806
Hospital_1,182,0,0,0.928775,0.000338,0.070018,0.000148,0.000192,0.000528
Hospital_1,183,0,0,0.959948,0.000384,0.038747,8.6e-05,0.000138,0.000697
Hospital_1,184,2,2,0.000775,9e-06,0.999178,2.5e-05,3e-06,9e-06
Hospital_1,185,4,4,0.05924,0.004236,0.004949,0.218517,0.561437,0.151622
Hospital_1,186,5,5,0.114028,0.030713,0.004257,0.004756,0.006728,0.839518
Hospital_1,187,1,1,0.02011,0.969034,0.005838,0.000494,0.000259,0.004265
Hospital_1,188,2,2,0.00073,9e-06,0.999208,3.7e-05,4e-06,1.2e-05
Hospital_1,189,3,3,1e-06,0.0,0.000315,0.99966,2.4e-05,0.0
Hospital_1,190,4,3,0.086599,0.008575,0.009458,0.431379,0.378177,0.085812
Hospital_1,191,3,3,3e-06,0.0,0.000126,0.999776,9.4e-05,0.0
Hospital_1,192,4,4,0.057648,0.004355,0.004032,0.138216,0.659135,0.136613
Hospital_1,193,4,4,0.087991,0.003951,0.004407,0.136771,0.530269,0.236611
Hospital_1,194,0,0,0.972937,0.000299,0.025918,0.000146,0.000233,0.000467
Hospital_1,195,3,3,0.0,0.0,3e-05,0.999962,7e-06,0.0
Hospital_1,196,0,0,0.747685,0.000481,0.250382,0.000288,0.000267,0.000897
Hospital_1,197,4,4,0.037145,0.00273,0.002387,0.192094,0.651693,0.113951
Hospital_1,198,3,3,2e-06,0.0,0.000198,0.999772,2.8e-05,0.0
Hospital_1,199,2,2,0.001765,1.3e-05,0.998165,3.7e-05,6e-06,1.5e-05
Hospital_1,200,2,2,0.003402,2.1e-05,0.9965,4.7e-05,9e-06,2.2e-05
Hospital_1,201,4,4,0.034792,0.002057,0.005806,0.289113,0.535134,0.133098
Hospital_1,202,1,1,0.075908,0.804032,0.049989,0.007558,0.003637,0.058875
Hospital_1,203,5,5,0.019788,0.003503,0.003633,0.001906,0.001572,0.969598
Hospital_1,204,3,3,3e-06,0.0,2.9e-05,0.999929,3.9e-05,0.0
Hospital_1,205,0,0,0.6598,0.000423,0.337874,0.000308,0.000241,0.001354
Hospital_1,206,2,2,0.000716,9e-06,0.999228,2.9e-05,4e-06,1.4e-05
Hospital_1,207,5,5,0.093642,0.008049,0.00211,0.005211,0.006798,0.88419
Hospital_1,208,4,4,0.129879,0.029384,0.069086,0.249434,0.31885,0.203367
Hospital_1,209,2,2,0.000864,1e-05,0.999087,2.6e-05,4e-06,1e-05
Hospital_1,210,4,4,0.032087,0.002412,0.003393,0.362176,0.533161,0.066771
Hospital_1,211,5,5,0.018185,0.009473,0.029407,0.002387,0.000975,0.939574
Hospital_1,212,5,5,0.004254,0.00187,0.00307,0.000715,0.000444,0.989646
Hospital_1,213,5,5,0.006331,0.002464,0.002876,0.001632,0.001489,0.985209
Hospital_1,214,4,4,0.011524,0.00413,0.029384,0.436916,0.500269,0.017777
Hospital_1,215,1,1,0.027149,0.844401,0.014138,0.003256,0.0015,0.109556
Hospital_1,216,3,3,0.0,0.0,0.00031,0.999662,2.8e-05,0.0
Hospital_1,217,0,0,0.949204,0.000386,0.047817,0.000166,0.00011,0.002317
Hospital_1,218,3,3,0.0,0.0,4.6e-05,0.999947,7e-06,0.0
Hospital_1,219,0,0,0.957278,0.000403,0.040838,0.000193,0.0003,0.000988
Hospital_1,220,0,0,0.9328,0.000233,0.065596,0.000233,0.000361,0.000777
Hospital_1,221,0,0,0.974811,0.000322,0.024173,0.00013,0.000163,0.0004
Hospital_1,222,0,0,0.975976,0.00014,0.023253,9.6e-05,0.000146,0.000389
Hospital_1,223,0,0,0.98795,0.000172,0.010925,6.4e-05,9.6e-05,0.000793
Hospital_1,224,2,2,0.00062,9e-06,0.999324,3e-05,4e-06,1.4e-05
Hospital_1,225,3,3,0.0,0.0,9.7e-05,0.999874,2.8e-05,0.0
Hospital_1,226,1,1,0.027519,0.923799,0.013503,0.002953,0.001629,0.030598
Hospital_1,227,2,2,0.002171,2.3e-05,0.997758,3.1e-05,6e-06,1e-05
Hospital_1,228,1,1,0.039409,0.912459,0.02727,0.001366,0.000569,0.018926
Hospital_1,229,4,3,0.043891,0.007579,0.019742,0.63221,0.222966,0.073612
Hospital_1,230,2,2,0.001212,1e-05,0.998726,3.4e-05,5e-06,1.4e-05
Hospital_1,231,2,2,0.001617,1.8e-05,0.99833,2.1e-05,4e-06,1.1e-05
Hospital_1,232,4,4,0.06296,0.002752,0.002727,0.155453,0.634117,0.14199
Hospital_1,233,3,3,0.0,0.0,2.8e-05,0.999968,4e-06,0.0
Hospital_1,234,4,4,0.03707,0.002651,0.002763,0.188663,0.644237,0.124616
Hospital_1,235,4,3,0.037483,0.002947,0.004547,0.443622,0.412644,0.098757
Hospital_1,236,3,3,6.6e-05,1e-05,0.004993,0.992819,0.00211,2e-06
Hospital_1,237,3,3,1e-06,0.0,0.000342,0.999643,1.5e-05,0.0
Hospital_1,238,5,5,0.147898,0.019098,0.009983,0.028525,0.060503,0.733993
Hospital_1,239,1,1,0.066671,0.785934,0.031541,0.004277,0.002703,0.108872
Hospital_1,240,4,4,0.028743,0.004817,0.016564,0.277777,0.472337,0.199762
Hospital_1,241,4,3,0.019202,0.001388,0.003307,0.469209,0.467317,0.039577
Hospital_1,242,3,3,0.0,0.0,1.6e-05,0.999979,4e-06,0.0
Hospital_1,243,5,5,0.037646,0.00636,0.010569,0.004396,0.004798,0.936231
Hospital_1,244,1,1,0.006426,0.989267,0.002448,0.000217,0.00013,0.001513
Hospital_1,245,2,2,0.000866,4e-06,0.999106,1.6e-05,2e-06,5e-06
Hospital_1,246,4,4,0.041476,0.002861,0.002358,0.154732,0.600732,0.197841
Hospital_1,247,0,0,0.984502,0.000142,0.014584,0.000148,0.000261,0.000363
Hospital_1,248,5,5,0.009137,0.001446,0.038121,0.001635,0.00039,0.949271
Hospital_1,249,4,5,0.13554,0.047995,0.066886,0.035242,0.080107,0.634229
Hospital_1,250,5,5,0.032428,0.002081,0.002562,0.003142,0.00361,0.956178
Hospital_1,251,0,0,0.993392,8.5e-05,0.00599,7.7e-05,0.000137,0.000319
Hospital_1,252,4,4,0.049043,0.004131,0.004718,0.246385,0.59157,0.104152
Hospital_1,253,4,3,0.020863,0.001477,0.004651,0.621142,0.315943,0.035924
Hospital_1,254,3,3,6e-06,0.0,0.000153,0.999778,6.3e-05,0.0
Hospital_1,255,1,1,0.039853,0.806988,0.02458,0.008854,0.004854,0.114871
Hospital_1,256,0,0,0.768936,0.000834,0.22905,0.000205,0.00014,0.000836
Hospital_1,257,0,0,0.95261,0.000172,0.046574,0.000159,0.000242,0.000243
Hospital_1,258,3,3,0.000117,5e-05,0.043195,0.953463,0.003103,7.2e-05
Hospital_1,259,2,2,0.00051,5e-06,0.999466,1.4e-05,2e-06,3e-06
Hospital_1,260,3,3,2e-06,0.0,0.000513,0.9994,8.4e-05,0.0
Hospital_1,261,1,1,0.007245,0.976532,0.004487,0.000413,0.000182,0.011141
Hospital_1,262,1,1,0.069903,0.733769,0.067391,0.011458,0.007968,0.109511
Hospital_1,263,5,5,0.03098,0.010935,0.007802,0.010647,0.013366,0.926271
Hospital_1,264,3,3,0.0,0.0,0.000322,0.999653,2.5e-05,0.0
Hospital_1,265,3,3,2e-06,0.0,7.9e-05,0.999887,3.1e-05,0.0
Hospital_1,266,0,0,0.741509,0.000446,0.256319,0.000293,0.000214,0.001219
Hospital_1,267,4,4,0.079236,0.003982,0.00529,0.259887,0.544033,0.107572
Hospital_1,268,2,2,0.002449,1.4e-05,0.997476,3.4e-05,6e-06,2.1e-05
Hospital_1,269,1,1,0.066602,0.700957,0.035551,0.014041,0.008828,0.174021
Hospital_1,270,2,2,0.0007,7e-06,0.999252,2.9e-05,4e-06,8e-06
Hospital_1,271,5,5,0.013542,0.002039,0.012621,0.001561,0.000477,0.96976
Hospital_1,272,3,3,1e-06,0.0,0.000608,0.999358,3.3e-05,0.0
Hospital_1,273,5,5,0.170501,0.160661,0.06365,0.061868,0.061278,0.482042
Hospital_1,274,1,1,0.018437,0.945516,0.009445,0.001426,0.000767,0.02441
Hospital_1,275,5,5,0.002407,0.00049,0.004299,0.000618,0.000169,0.992018
Hospital_1,276,3,3,1e-06,0.0,0.000196,0.999786,1.7e-05,0.0
Hospital_1,277,5,5,0.03268,0.022434,0.028889,0.002053,0.001129,0.912813
Hospital_1,278,1,1,0.019518,0.946924,0.010934,0.001646,0.000979,0.019999
Hospital_1,279,4,4,0.053428,0.003389,0.003797,0.292864,0.539986,0.106537
Hospital_1,280,4,4,0.043286,0.001889,0.00423,0.202941,0.64554,0.102115
Hospital_1,281,5,5,0.003137,0.000862,0.003203,0.000803,0.000422,0.991573
Hospital_1,282,0,0,0.900442,0.000369,0.097733,0.000175,0.000186,0.001094
Hospital_1,283,3,3,0.0,0.0,8.8e-05,0.999896,1.6e-05,0.0
Hospital_1,284,0,0,0.935701,0.000427,0.062344,0.000175,0.000258,0.001095
Hospital_1,285,2,2,0.000956,1.1e-05,0.998989,2.7e-05,3e-06,1.4e-05
Hospital_1,286,2,2,0.003654,2.7e-05,0.996253,3.8e-05,1.1e-05,1.8e-05
Hospital_1,287,1,1,0.062164,0.75774,0.040804,0.012223,0.008334,0.118735
Hospital_1,288,0,0,0.925876,0.000284,0.07297,0.000132,0.000162,0.000575
Hospital_1,289,0,0,0.98155,0.000215,0.017403,0.000141,0.000175,0.000516
Hospital_1,290,5,5,0.017832,0.009189,0.006571,0.003341,0.003364,0.959702
Hospital_1,291,5,5,0.044282,0.019122,0.00861,0.00546,0.006811,0.915715
Hospital_1,292,5,5,0.022645,0.005457,0.000961,0.003235,0.009683,0.958019
Hospital_1,293,2,2,0.000165,2e-06,0.999819,1e-05,1e-06,3e-06
Hospital_1,294,0,0,0.950962,0.000327,0.047176,0.000159,0.000235,0.001142
Hospital_1,295,2,2,0.000725,9e-06,0.999223,3e-05,4e-06,9e-06
Hospital_1,296,3,3,5.9e-05,1e-06,0.000796,0.998437,0.000705,2e-06
Hospital_1,297,1,1,0.078744,0.472632,0.052357,0.030773,0.020989,0.344504
Hospital_1,298,2,2,0.001825,2.4e-05,0.998071,4.8e-05,9e-06,2.3e-05
Hospital_1,299,5,5,0.010538,0.005117,0.002066,0.000625,0.000513,0.981141
Hospital_1,300,5,5,0.017526,0.006042,0.001597,0.004165,0.007305,0.963365
Hospital_1,301,5,5,0.007126,0.002222,0.010859,0.001826,0.000463,0.977504
Hospital_1,302,5,5,0.006641,0.002549,0.016575,0.001115,0.000382,0.972737
Hospital_1,303,4,4,0.065577,0.002871,0.003038,0.092426,0.645412,0.190677
Hospital_1,304,2,2,0.002611,4.5e-05,0.997293,2.9e-05,9e-06,1.1e-05
Hospital_1,305,5,5,0.233967,0.014802,0.009355,0.032168,0.070658,0.63905
Hospital_1,306,2,2,0.001514,1.2e-05,0.998423,3.1e-05,4e-06,1.5e-05
Hospital_1,307,3,3,0.0,0.0,0.000163,0.999824,1.3e-05,0.0
Hospital_1,308,3,3,4.7e-05,2e-06,0.000913,0.998085,0.000949,3e-06
Hospital_1,309,0,0,0.976503,0.000219,0.022307,0.000111,0.00021,0.000651
Hospital_1,310,5,5,0.025359,0.004493,0.003882,0.003235,0.00494,0.95809
Hospital_1,311,5,5,0.003191,0.000612,0.00203,0.00107,0.000567,0.992529
Hospital_1,312,0,0,0.846306,0.001068,0.151656,0.000143,0.000149,0.000679
Hospital_1,313,5,5,0.00124,0.000415,0.003782,0.000565,0.000152,0.993847
Hospital_1,314,2,2,0.001356,2e-05,0.998562,3.8e-05,6e-06,1.7e-05
Hospital_1,315,2,2,0.004325,2.6e-05,0.99553,6.6e-05,1.1e-05,4.1e-05
Hospital_1,316,2,2,0.001679,1.7e-05,0.998268,2e-05,3e-06,1.3e-05
Hospital_1,317,4,3,0.044055,0.00389,0.006575,0.458297,0.35751,0.129672
Hospital_1,318,5,5,0.051779,0.004699,0.001183,0.00621,0.021784,0.914346
Hospital_1,319,0,0,0.922787,0.000377,0.076012,0.000186,0.000234,0.000405
Hospital_1,320,5,5,0.003045,0.000815,0.010334,0.000872,0.000238,0.984695
Hospital_1,321,4,3,0.043032,0.007218,0.01092,0.510412,0.342218,0.0862
Hospital_1,322,5,5,0.004839,0.000581,0.004327,0.000578,0.000244,0.989432
Hospital_1,323,1,1,0.014404,0.969985,0.006388,0.000843,0.000446,0.007935
Hospital_1,324,5,5,0.003483,0.000955,0.014799,0.000912,0.000159,0.979692
Hospital_1,325,0,0,0.820921,0.000384,0.1775,0.000221,0.000185,0.000789
Hospital_1,326,2,2,0.001302,1e-05,0.998641,3.1e-05,4e-06,1.2e-05
Hospital_1,327,5,5,0.00135,0.000113,0.004848,0.000753,0.000202,0.992733
Hospital_1,328,4,5,0.358319,0.002621,0.005311,0.017818,0.068586,0.547344
Hospital_1,329,5,5,0.11297,0.012952,0.0079,0.021238,0.03184,0.813101
Hospital_1,330,4,4,0.03102,0.002013,0.002553,0.270119,0.600799,0.093495
Hospital_1,331,0,0,0.972019,0.000187,0.027186,0.000165,0.00021,0.000234
Hospital_1,332,2,2,0.000534,5e-06,0.999437,1.5e-05,2e-06,7e-06
Hospital_1,333,2,2,0.00188,2e-05,0.99807,2e-05,4e-06,6e-06
Hospital_1,334,1,1,0.044171,0.781357,0.027545,0.006769,0.003763,0.136395
Hospital_1,335,0,0,0.83187,0.000348,0.166586,0.000216,0.000187,0.000793
Hospital_1,336,1,1,0.084801,0.581234,0.062574,0.024942,0.01858,0.227869
Hospital_1,337,1,1,0.026496,0.886121,0.018951,0.003235,0.001546,0.063651
Hospital_1,338,3,3,1e-06,0.0,0.001111,0.998804,8.4e-05,0.0
Hospital_1,339,5,5,0.002557,0.00059,0.007719,0.001015,0.000319,0.9878
Hospital_1,340,4,4,0.154448,0.004368,0.050734,0.183218,0.488915,0.118317
Hospital_1,341,5,5,0.028244,0.002503,0.00088,0.004961,0.020495,0.942918
Hospital_1,342,0,0,0.921013,0.000377,0.077102,0.000212,0.000274,0.001022
Hospital_1,343,2,2,0.000978,1.1e-05,0.998942,4.7e-05,5e-06,1.8e-05
Hospital_1,344,3,3,0.0,0.0,5e-05,0.999944,6e-06,0.0
Hospital_1,345,2,2,0.001085,1.3e-05,0.998824,5e-05,5e-06,2.3e-05
Hospital_1,346,0,0,0.893525,0.000521,0.10492,0.000111,0.000124,0.000799
Hospital_1,347,4,4,0.039901,0.003848,0.003016,0.156754,0.668282,0.128199
Hospital_1,348,0,0,0.98502,0.000173,0.01416,0.000101,0.000158,0.000387
Hospital_1,349,3,3,1.2e-05,1e-06,0.00025,0.999674,6.3e-05,0.0
Hospital_1,350,3,3,0.0,0.0,0.000233,0.99975,1.6e-05,0.0
Hospital_1,351,5,5,0.014216,0.002486,0.002814,0.001357,0.002345,0.976783
Hospital_1,352,3,3,0.0,0.0,7.3e-05,0.999921,6e-06,0.0
Hospital_1,353,3,3,0.00206,0.000256,0.030558,0.961149,0.005885,9.2e-05
Hospital_1,354,0,0,0.949726,0.000601,0.048002,8.1e-05,9.3e-05,0.001497
Hospital_1,355,1,1,0.021012,0.912132,0.011464,0.003522,0.001975,0.049894
Hospital_1,356,4,4,0.054495,0.005519,0.00571,0.25061,0.498833,0.184832
Hospital_1,357,5,5,0.005404,0.001442,0.001171,0.001189,0.001291,0.989503
Hospital_1,358,0,0,0.987392,0.000144,0.011573,0.000158,0.000306,0.000428
Hospital_1,359,3,3,0.0,0.0,7.7e-05,0.999913,1e-05,0.0
Hospital_1,360,1,1,0.020105,0.914044,0.013992,0.003359,0.001754,0.046746
Hospital_1,361,2,2,0.001903,1.1e-05,0.998036,3.3e-05,5e-06,1.1e-05
Hospital_1,362,5,5,0.010043,0.007136,0.014927,0.001297,0.000579,0.966018
Hospital_1,363,4,4,0.010346,0.002305,0.013202,0.44739,0.510376,0.016381
Hospital_1,364,4,0,0.542042,0.000439,0.006195,0.137416,0.29747,0.016438
Hospital_1,365,0,0,0.961285,0.000367,0.036977,0.000194,0.000328,0.000848
Hospital_1,366,0,0,0.907636,0.000508,0.09088,0.000159,0.000129,0.000688
Hospital_1,367,5,5,0.040913,0.022255,0.081304,0.003859,0.000972,0.850695
Hospital_1,368,2,2,0.001522,1.1e-05,0.998423,2.8e-05,4e-06,1.3e-05
Hospital_1,369,0,0,0.974392,0.000513,0.023975,7.7e-05,0.000104,0.000938
Hospital_1,370,4,4,0.08072,0.007156,0.009256,0.316905,0.432448,0.153514
Hospital_1,371,2,2,0.000766,1.3e-05,0.999172,3.6e-05,4e-06,8e-06
Hospital_1,372,5,5,0.013052,0.005051,0.004154,0.002934,0.004517,0.970293
Hospital_1,373,3,3,1.1e-05,1e-06,0.000152,0.999701,0.000135,0.0
Hospital_1,374,4,4,0.06996,0.001825,0.002303,0.142774,0.667269,0.115869
Hospital_1,375,1,1,0.007639,0.975714,0.005005,0.000537,0.000237,0.010868
Hospital_1,376,1,1,0.06896,0.786084,0.024455,0.006975,0.004976,0.108551
Hospital_1,377,3,3,0.0,0.0,6.2e-05,0.99992,1.8e-05,0.0
Hospital_1,378,0,0,0.885206,0.000652,0.113141,9.5e-05,0.00011,0.000796
Hospital_1,379,0,0,0.997465,5.4e-05,0.002168,4.8e-05,9.2e-05,0.000172
Hospital_1,380,3,3,0.0,0.0,8.9e-05,0.999894,1.7e-05,0.0
Hospital_1,381,2,2,0.000833,8e-06,0.999114,2.9e-05,4e-06,1.2e-05
Hospital_1,382,5,5,0.012221,0.010423,0.010076,0.002303,0.001205,0.963771
Hospital_1,383,4,4,0.086,0.007758,0.008815,0.254654,0.544574,0.0982
Hospital_1,384,0,0,0.962528,0.000113,0.036813,0.000146,0.0002,0.0002
Hospital_1,385,0,0,0.985077,0.000184,0.014255,6.1e-05,0.000111,0.000312
Hospital_1,386,2,2,0.003016,1.8e-05,0.996888,4.5e-05,8e-06,2.5e-05
Hospital_1,387,2,2,0.000776,9e-06,0.999175,2.6e-05,4e-06,9e-06
Hospital_1,388,3,3,1.3e-05,2e-06,0.001041,0.998177,0.000761,6e-06
Hospital_1,389,0,0,0.954391,0.000349,0.044082,0.000163,0.000331,0.000685
Hospital_1,390,3,3,0.0,0.0,2.9e-05,0.999968,4e-06,0.0
Hospital_1,391,3,3,0.0,0.0,0.000158,0.999823,1.9e-05,0.0
Hospital_1,392,3,3,7e-06,0.0,0.00015,0.999756,8.6e-05,0.0
Hospital_1,393,1,1,0.00891,0.979059,0.004849,0.000424,0.000214,0.006544
Hospital_1,394,4,3,0.02933,0.005444,0.028662,0.615053,0.206374,0.115136
Hospital_1,395,4,4,0.028734,0.002427,0.00282,0.313033,0.585357,0.067629
Hospital_1,396,0,0,0.737292,0.000306,0.261092,0.00028,0.000191,0.00084
Hospital_1,397,1,1,0.031477,0.878666,0.015349,0.005457,0.003099,0.065952
Hospital_1,398,1,1,0.021515,0.880895,0.01436,0.005041,0.002841,0.075347
Hospital_1,399,3,3,2e-06,0.0,0.000316,0.999631,5e-05,0.0
Hospital_1,400,0,0,0.966636,0.000173,0.03216,0.000168,0.000249,0.000615
Hospital_1,401,1,1,0.029897,0.927165,0.014629,0.001745,0.001068,0.025496
Hospital_1,402,5,5,0.003808,0.000707,0.001862,0.00085,0.000446,0.992328
Hospital_1,403,0,0,0.944625,0.000266,0.05417,0.000147,0.000139,0.000654
Hospital_1,404,2,2,0.001805,1.5e-05,0.998112,4.6e-05,7e-06,1.5e-05
Hospital_1,405,1,1,0.016708,0.970309,0.004542,0.000764,0.000463,0.007214
Hospital_1,406,2,2,0.003319,2.5e-05,0.99661,2.4e-05,5e-06,1.7e-05
Hospital_1,407,1,1,0.047583,0.825712,0.039823,0.010275,0.005928,0.070679
Hospital_1,408,1,1,0.034124,0.903312,0.017572,0.00398,0.002347,0.038665
Hospital_1,409,0,0,0.976413,0.000496,0.02231,6.8e-05,8e-05,0.000633
Hospital_1,410,3,3,3.8e-05,3e-06,0.000932,0.997833,0.001191,3e-06
Hospital_1,411,0,0,0.935971,0.000828,0.061501,0.000104,0.000105,0.001492
Hospital_1,412,0,0,0.973648,0.000225,0.024824,0.000191,0.000403,0.000709
Hospital_1,413,1,1,0.032887,0.93989,0.011322,0.001746,0.001049,0.013105
Hospital_1,414,0,0,0.858221,0.000432,0.139775,0.00023,0.000227,0.001115
Hospital_1,415,0,0,0.937425,0.000213,0.06135,0.000224,0.00027,0.000518
Hospital_1,416,5,5,0.011821,0.00136,0.000941,0.001557,0.001778,0.982543
Hospital_1,417,4,5,0.237341,0.077692,0.05853,0.048797,0.052903,0.524738
Hospital_1,418,5,5,0.000758,0.000127,0.00246,0.000306,7.9e-05,0.996271
Hospital_1,419,4,4,0.058112,0.005638,0.004888,0.13046,0.659835,0.141067
Hospital_1,420,4,4,0.036868,0.003163,0.002857,0.176181,0.656991,0.123939
Hospital_1,421,4,4,0.188121,0.005154,0.01053,0.205551,0.346072,0.244572
Hospital_1,422,4,4,0.126426,0.013453,0.014617,0.263358,0.35072,0.231426
Hospital_1,423,3,3,0.0,0.0,2.9e-05,0.999967,3e-06,0.0
Hospital_1,424,0,0,0.645362,0.000371,0.35246,0.000415,0.000221,0.001171
Hospital_1,425,1,1,0.069039,0.534833,0.044031,0.022841,0.015973,0.313283
Hospital_1,426,2,2,0.000806,7e-06,0.999156,1.9e-05,2e-06,1e-05
Hospital_1,427,4,4,0.082812,0.005895,0.005613,0.203662,0.542268,0.159748
Hospital_1,428,4,4,0.081939,0.005201,0.00653,0.212691,0.529672,0.163966
Hospital_1,429,5,5,0.02834,0.013008,0.013128,0.006321,0.005584,0.933619
Hospital_1,430,1,1,0.093812,0.541826,0.065174,0.024922,0.018863,0.255402
Hospital_1,431,5,5,0.38569,0.064917,0.010501,0.008051,0.012726,0.518115
Hospital_1,432,1,1,0.015799,0.972809,0.004813,0.000652,0.000344,0.005583
Hospital_1,433,2,2,0.000748,1e-05,0.999218,1.5e-05,2e-06,6e-06
Hospital_1,434,1,1,0.050518,0.898663,0.023982,0.004245,0.003213,0.01938
Hospital_1,435,4,4,0.047238,0.001893,0.002168,0.125397,0.697026,0.126278
Hospital_1,436,3,3,0.0,0.0,1.6e-05,0.999971,1.3e-05,0.0
Hospital_1,437,2,2,0.002226,1.9e-05,0.997722,2e-05,4e-06,9e-06
Hospital_1,438,2,2,0.003054,1.8e-05,0.996854,4.8e-05,8e-06,1.8e-05
Hospital_1,439,3,3,0.0,0.0,0.000855,0.99911,3.4e-05,0.0
Hospital_1,440,0,0,0.966061,0.00071,0.032177,8.4e-05,8.6e-05,0.000882
Hospital_1,441,3,3,6e-06,0.0,6.3e-05,0.999738,0.000193,0.0
Hospital_1,442,5,5,0.007812,0.002827,0.002656,0.001163,0.000868,0.984675
Hospital_1,443,1,1,0.022272,0.882069,0.013734,0.004348,0.002547,0.07503
Hospital_1,444,2,2,0.000994,9e-06,0.998965,2.1e-05,3e-06,9e-06
Hospital_1,445,0,0,0.94314,0.001111,0.053881,8e-05,0.00013,0.001659
Hospital_1,446,3,3,0.0,0.0,0.000134,0.999797,6.8e-05,0.0
Hospital_1,447,5,5,0.022149,0.003432,0.010058,0.001765,0.000874,0.961722
Hospital_1,448,0,0,0.991518,0.000104,0.007797,7.9e-05,0.000216,0.000286
Hospital_1,449,0,0,0.871973,0.000241,0.127263,0.000142,0.000156,0.000226
Hospital_1,450,2,2,0.001875,2.3e-05,0.998042,3.7e-05,7e-06,1.5e-05
Hospital_1,451,4,4,0.026126,0.001165,0.001656,0.223365,0.681568,0.06612
Hospital_1,452,4,4,0.05978,0.00391,0.004094,0.204933,0.568845,0.158439
Hospital_1,453,4,3,0.005408,0.000961,0.009293,0.808088,0.173194,0.003055
Hospital_1,454,5,5,0.001707,0.000349,0.001684,0.000659,0.000376,0.995226
Hospital_1,455,4,4,0.046863,0.002806,0.002452,0.165155,0.672753,0.109972
Hospital_1,456,2,2,0.000668,1.2e-05,0.999282,2.5e-05,3e-06,9e-06
Hospital_1,457,5,5,0.001656,0.000213,0.001162,0.000419,0.000273,0.996277
Hospital_1,458,2,2,0.001568,1.4e-05,0.998364,3.7e-05,4e-06,1.3e-05
Hospital_1,459,3,3,0.0,0.0,5.4e-05,0.99992,2.6e-05,0.0
Hospital_1,460,3,3,3e-06,0.0,0.000127,0.999811,5.8e-05,0.0
Hospital_1,461,3,3,0.0,0.0,2.8e-05,0.999968,3e-06,0.0
Hospital_1,462,3,3,1e-06,0.0,9e-05,0.99985,6e-05,0.0
Hospital_1,463,0,0,0.979936,0.000181,0.018956,0.000122,0.000239,0.000567
Hospital_1,464,4,4,0.049008,0.003146,0.003049,0.161298,0.675141,0.108358
Hospital_1,465,5,5,0.007952,0.002514,0.007056,0.001236,0.000503,0.980739
Hospital_1,466,5,5,0.084577,0.005592,0.002181,0.012833,0.040664,0.854152
Hospital_1,467,4,4,0.029738,0.001621,0.001783,0.160865,0.688729,0.117265
Hospital_1,468,3,3,0.0,0.0,0.000722,0.999254,2.4e-05,0.0
Hospital_1,469,2,2,0.001656,1.4e-05,0.99827,3.7e-05,6e-06,1.6e-05
Hospital_1,470,4,4,0.068963,0.006039,0.005273,0.189367,0.620998,0.109359
Hospital_1,471,4,5,0.138902,0.061857,0.051362,0.157097,0.157873,0.43291
Hospital_1,472,2,2,0.0063,2.1e-05,0.99351,0.000103,3e-05,3.7e-05
Hospital_1,473,0,0,0.969147,0.000353,0.027905,0.000243,0.000432,0.00192
Hospital_1,474,1,1,0.013394,0.981183,0.002323,0.000302,0.00018,0.002618
Hospital_1,475,4,5,0.094095,0.022274,0.041791,0.154779,0.291653,0.395407
Hospital_1,476,4,4,0.04023,0.003076,0.003355,0.203126,0.621348,0.128865
Hospital_1,477,2,2,0.001071,9e-06,0.998854,4.5e-05,8e-06,1.3e-05
Hospital_1,478,4,0,0.82948,0.001131,0.098868,0.028409,0.035482,0.00663
Hospital_1,479,0,0,0.989233,0.000194,0.009798,0.000126,0.000171,0.000478
Hospital_1,480,4,4,0.083417,0.004687,0.004701,0.24762,0.514743,0.144832
Hospital_1,481,4,3,0.032792,0.003491,0.007897,0.617347,0.285925,0.052548
Hospital_1,482,1,1,0.018157,0.950488,0.011035,0.001532,0.000806,0.017981
Hospital_1,483,1,1,0.010787,0.979936,0.003256,0.00044,0.000247,0.005333
Hospital_1,484,4,4,0.030131,0.002652,0.0042,0.409819,0.468267,0.084932
Hospital_1,485,5,5,0.005051,0.001283,0.003264,0.001725,0.001017,0.98766
Hospital_1,486,0,0,0.803765,0.000493,0.192886,0.001239,0.000993,0.000623
Hospital_1,487,3,3,1e-06,0.0,2.9e-05,0.999949,2.1e-05,0.0
Hospital_1,488,4,4,0.03788,0.001756,0.001887,0.151877,0.67489,0.13171
Hospital_1,489,2,2,0.000826,7e-06,0.999136,2.1e-05,3e-06,7e-06
Hospital_1,490,5,5,0.00586,0.003336,0.00268,0.000686,0.000462,0.986976
Hospital_1,491,3,3,1e-06,0.0,3.2e-05,0.999952,1.5e-05,0.0
Hospital_1,492,5,5,0.009276,0.002744,0.018458,0.002035,0.000498,0.966988
Hospital_1,493,5,5,0.014951,0.003026,0.039838,0.00195,0.000676,0.939559
Hospital_1,494,0,0,0.98364,0.000205,0.015525,0.000127,0.000227,0.000276
Hospital_1,495,2,2,0.00044,3e-06,0.999539,1.4e-05,2e-06,3e-06
Hospital_1,496,4,4,0.057075,0.003577,0.003631,0.120888,0.622231,0.192598
Hospital_1,497,5,5,0.006479,0.002531,0.001221,0.001131,0.002146,0.986493
Hospital_1,498,4,4,0.224043,0.005412,0.018017,0.212113,0.290578,0.249838
Hospital_1,499,5,5,0.011007,0.004354,0.001172,0.002276,0.003747,0.977444
Hospital_1,500,0,0,0.975204,0.000495,0.023658,6.5e-05,8.8e-05,0.00049
Hospital_1,501,3,3,0.000479,0.00011,0.177848,0.81726,0.004148,0.000156
Hospital_1,502,0,0,0.98354,0.000119,0.015629,0.000223,0.000303,0.000186
Hospital_1,503,2,2,0.001275,9e-06,0.998672,2.8e-05,5e-06,1.1e-05
Hospital_1,504,0,0,0.834896,0.000421,0.163669,0.000154,0.000165,0.000695
Hospital_1,505,2,2,0.001196,1.2e-05,0.998746,2.7e-05,4e-06,1.5e-05
Hospital_1,506,4,4,0.028522,0.00153,0.00193,0.248986,0.633981,0.085051
Hospital_1,507,2,2,0.002568,2.4e-05,0.997343,4.1e-05,7e-06,1.7e-05
Hospital_1,508,3,3,1e-06,0.0,5.6e-05,0.999864,7.8e-05,0.0
Hospital_1,509,1,1,0.057333,0.775512,0.035564,0.014648,0.009841,0.107101
Hospital_1,510,4,5,0.14336,0.033816,0.024932,0.046129,0.057605,0.694157
Hospital_1,511,2,2,0.00206,2e-05,0.997853,3.7e-05,6e-06,2.3e-05
Hospital_1,512,3,3,1e-06,0.0,0.000196,0.999764,3.9e-05,0.0
Hospital_1,513,2,2,0.001444,1e-05,0.998503,2.7e-05,4e-06,1e-05
Hospital_1,514,0,0,0.960377,0.000215,0.038549,0.000112,0.000155,0.000593
Hospital_1,515,3,3,0.0,0.0,7.8e-05,0.999904,1.7e-05,0.0
Hospital_1,516,1,1,0.020062,0.95325,0.009641,0.001082,0.000574,0.01539
Hospital_1,517,4,4,0.043141,0.007059,0.01202,0.339973,0.369644,0.228162
Hospital_1,518,3,3,4.3e-05,3e-06,0.000326,0.998887,0.000738,3e-06
Hospital_1,519,0,0,0.981753,0.00019,0.017201,0.000142,0.000269,0.000445
Hospital_1,520,2,2,0.000757,6e-06,0.999201,2.3e-05,2e-06,1.1e-05
Hospital_1,521,1,1,0.044285,0.822088,0.033793,0.007669,0.003736,0.08843
Hospital_1,522,5,5,0.0088,0.001063,0.001523,0.001714,0.001991,0.984909
Hospital_1,523,0,0,0.981042,0.000223,0.017424,0.000166,0.000286,0.00086
Hospital_1,524,4,3,0.000121,0.000256,0.010729,0.985279,0.003418,0.000198
Hospital_1,525,5,5,0.20791,0.281117,0.082882,0.005549,0.001766,0.420775
Hospital_1,526,3,3,2e-06,0.0,0.000145,0.999777,7.6e-05,0.0
Hospital_1,527,4,4,0.055379,0.003054,0.003965,0.236154,0.60592,0.095529
Hospital_1,528,4,4,0.068208,0.002356,0.003103,0.145996,0.59783,0.182508
Hospital_1,529,3,3,9e-06,0.0,0.000105,0.99974,0.000146,0.0
Hospital_1,530,5,5,0.001169,0.000227,0.002391,0.000924,0.00054,0.994749
Hospital_1,531,3,3,0.001109,0.00025,0.003803,0.947796,0.046694,0.000348
Hospital_1,532,5,5,0.070239,0.006219,0.002101,0.011516,0.032906,0.877018
Hospital_1,533,3,3,2e-06,0.0,6.9e-05,0.999891,3.7e-05,0.0
Hospital_1,534,5,5,0.169918,0.160075,0.067744,0.064812,0.065249,0.472201
Hospital_1,535,1,1,0.028739,0.910857,0.014166,0.004462,0.002836,0.038939
Hospital_1,536,1,1,0.058377,0.890102,0.018876,0.003269,0.001916,0.02746
Hospital_1,537,5,5,0.00661,0.001794,0.021081,0.001821,0.000855,0.967839
Hospital_1,538,3,3,0.0,0.0,0.000359,0.999626,1.5e-05,0.0
Hospital_1,539,4,4,0.045696,0.001216,0.001974,0.197133,0.669279,0.084701
Hospital_1,540,2,2,0.000831,1e-05,0.999129,1.9e-05,3e-06,9e-06
Hospital_1,541,2,2,0.002101,1.8e-05,0.997812,4.2e-05,8e-06,1.7e-05
Hospital_1,542,0,0,0.96148,0.00024,0.036388,0.000161,0.000122,0.001609
Hospital_1,543,0,0,0.880824,0.000233,0.11799,0.000262,0.000297,0.000394
Hospital_1,544,0,0,0.957131,0.00021,0.0419,0.00017,0.000228,0.000361
Hospital_1,545,1,1,0.029399,0.909917,0.012492,0.00252,0.001361,0.044311
Hospital_1,546,5,5,0.021185,0.004978,0.002094,0.001909,0.002002,0.967831
Hospital_1,547,1,1,0.008374,0.981664,0.004265,0.00044,0.00022,0.005037
Hospital_1,548,2,2,0.002588,2e-05,0.997315,4.4e-05,8e-06,2.5e-05
Hospital_1,549,1,1,0.032421,0.919922,0.016666,0.004693,0.003108,0.023189
Hospital_1,550,0,0,0.97446,0.000159,0.024764,0.000167,0.000241,0.00021
Hospital_1,551,1,1,0.061609,0.725499,0.027092,0.008778,0.005679,0.171343
Hospital_1,552,2,2,0.001818,1.3e-05,0.998114,3.4e-05,4e-06,1.6e-05
Hospital_1,553,3,3,3.7e-05,3e-06,0.000273,0.999096,0.000591,1e-06
Hospital_1,554,0,0,0.945422,0.000269,0.052964,0.00018,0.0003,0.000866
Hospital_1,555,4,4,0.09123,0.003382,0.004824,0.194129,0.553373,0.153062
Hospital_1,556,3,3,1e-06,0.0,5.9e-05,0.999922,1.7e-05,0.0
Hospital_1,557,3,3,1e-06,0.0,3.9e-05,0.999939,2.1e-05,0.0
Hospital_1,558,2,2,0.000795,7e-06,0.999155,2.9e-05,3e-06,1.1e-05
Hospital_1,559,0,0,0.951101,0.00046,0.047264,0.00012,0.000109,0.000946
Hospital_1,560,0,0,0.795958,0.001142,0.20149,0.000264,0.000211,0.000935
Hospital_1,561,1,1,0.032561,0.876956,0.020707,0.006938,0.00395,0.058888
Hospital_1,562,0,0,0.842782,0.000337,0.155581,0.000213,0.000176,0.000912
Hospital_1,563,5,5,0.003928,0.001148,0.005351,0.00259,0.000988,0.985996
Hospital_1,564,1,1,0.042997,0.830063,0.019152,0.005834,0.003384,0.098571
Hospital_1,565,5,5,0.011844,0.00412,0.007498,0.001189,0.000653,0.974697
Hospital_1,566,0,0,0.980795,0.000278,0.017801,0.000174,0.000353,0.000599
Hospital_1,567,0,0,0.855166,0.000222,0.142964,0.000371,0.000361,0.000916
Hospital_1,568,4,4,0.038716,0.00333,0.002634,0.192645,0.661463,0.101211
Hospital_1,569,1,1,0.055971,0.696206,0.046137,0.009903,0.004295,0.187489
Hospital_1,570,2,2,0.000621,6e-06,0.999349,1.8e-05,2e-06,4e-06
Hospital_1,571,1,1,0.023864,0.870065,0.013949,0.004298,0.00245,0.085374
Hospital_1,572,1,1,0.018246,0.965481,0.009251,0.000607,0.000275,0.00614
Hospital_1,573,4,4,0.043001,0.002486,0.002708,0.199171,0.630996,0.121637
Hospital_1,574,4,4,0.062945,0.004347,0.006379,0.347385,0.48773,0.091214
Hospital_1,575,1,1,0.014966,0.963974,0.007189,0.001029,0.00057,0.012273
Hospital_1,576,1,1,0.021779,0.961572,0.006771,0.000724,0.000376,0.008779
Hospital_1,577,3,3,0.0,0.0,8.8e-05,0.999897,1.5e-05,0.0
Hospital_1,578,0,0,0.775892,0.000385,0.222413,0.000244,0.000197,0.000868
Hospital_1,579,0,0,0.903244,0.000891,0.094058,0.000204,0.000186,0.001417
Hospital_1,580,5,5,0.052651,0.011988,0.111994,0.007043,0.002145,0.814179
