hospital,imagen_idx,y_true,y_pred,prob_0,prob_1,prob_2,prob_3,prob_4,prob_5
Hospital_1,0,2,2,0.001447,6.9e-05,0.962821,0.034829,0.000776,5.8e-05
Hospital_1,1,3,3,0.0,0.0,8e-06,0.999823,0.000169,0.0
Hospital_1,2,3,3,0.0,0.0,2e-06,0.99985,0.000148,0.0
Hospital_1,3,3,3,0.0,0.0,0.0,0.999998,2e-06,0.0
Hospital_1,4,2,2,0.003343,9.8e-05,0.992066,0.004013,0.000402,7.8e-05
Hospital_1,5,5,5,0.000531,0.013064,0.000105,0.002322,0.008903,0.975075
Hospital_1,6,2,2,0.002031,9.2e-05,0.979349,0.017318,0.001114,9.6e-05
Hospital_1,7,3,3,0.0,0.0,0.0,0.999974,2.6e-05,0.0
Hospital_1,8,5,5,0.000625,0.009044,0.000158,0.002286,0.011139,0.976749
Hospital_1,9,1,1,0.003234,0.979026,1.1e-05,4.7e-05,0.001622,0.01606
Hospital_1,10,5,5,0.000467,0.00494,1.8e-05,0.000612,0.005278,0.988685
Hospital_1,11,2,2,0.00855,8.7e-05,0.982054,0.00828,0.00095,8e-05
Hospital_1,12,2,2,0.002386,8.4e-05,0.992281,0.004833,0.000361,5.6e-05
Hospital_1,13,3,3,0.0,0.0,1e-06,0.999829,0.000169,0.0
Hospital_1,14,2,2,0.027995,0.000279,0.958184,0.010712,0.002624,0.000205
Hospital_1,15,5,5,0.00821,0.003125,9e-06,0.000462,0.211883,0.776311
Hospital_1,16,2,2,0.010617,0.000182,0.979028,0.008939,0.001051,0.000183
Hospital_1,17,2,2,0.005859,0.00011,0.988066,0.005093,0.00076,0.000113
Hospital_1,18,2,2,0.000666,3.4e-05,0.985941,0.013007,0.000328,2.5e-05
Hospital_1,19,2,2,0.005406,6.3e-05,0.989862,0.003743,0.000827,9.8e-05
Hospital_1,20,2,2,0.012953,0.000104,0.973261,0.011672,0.001797,0.000213
Hospital_1,21,2,2,0.009351,0.000151,0.986844,0.002728,0.000817,0.00011
Hospital_1,22,5,5,0.000116,0.001647,2.2e-05,0.001881,0.030079,0.966254
Hospital_1,23,5,5,0.005192,0.22276,7.6e-05,0.001225,0.072331,0.698416
Hospital_1,24,3,3,0.0,0.0,0.0,0.999923,7.7e-05,0.0
Hospital_1,25,5,5,6.7e-05,0.000153,3e-06,0.000579,0.008647,0.990552
Hospital_1,26,3,3,3e-06,1e-06,6e-06,0.935201,0.064754,3.6e-05
Hospital_1,27,5,5,0.000242,0.003134,0.000176,0.003482,0.017367,0.975599
Hospital_1,28,2,2,0.014699,0.000119,0.97382,0.008913,0.002081,0.000368
Hospital_1,29,3,3,0.0,0.0,1.3e-05,0.998819,0.001167,0.0
Hospital_1,30,5,5,0.00686,0.001083,9e-06,0.002135,0.292465,0.697448
Hospital_1,31,2,2,0.008319,0.000146,0.984302,0.00591,0.001135,0.000189
Hospital_1,32,3,3,0.0,0.0,0.0,0.998485,0.001514,0.0
Hospital_1,33,2,2,0.005539,0.000173,0.988065,0.005397,0.000696,0.000131
Hospital_1,34,3,3,0.0,0.0,0.0,0.999984,1.6e-05,0.0
Hospital_1,35,5,5,0.008082,0.020807,1.4e-05,0.000113,0.020903,0.95008
Hospital_1,36,1,1,0.001273,0.99316,3e-06,1.2e-05,0.000406,0.005145
Hospital_1,37,2,2,0.001696,0.000124,0.991945,0.005733,0.000433,6.9e-05
Hospital_1,38,2,2,0.002492,0.000113,0.983079,0.013505,0.000708,0.000103
Hospital_1,39,2,2,0.011675,0.000132,0.978701,0.007901,0.001443,0.000148
Hospital_1,40,3,3,0.0,0.0,1.4e-05,0.99004,0.00994,5e-06
Hospital_1,41,3,3,0.0,0.0,2e-06,0.999057,0.000941,0.0
Hospital_1,42,3,3,0.0,0.0,0.0,0.999989,1.1e-05,0.0
Hospital_1,43,3,3,0.0,0.0,1e-06,0.997424,0.002575,1e-06
Hospital_1,44,3,3,0.0,0.0,1e-06,0.999987,1.1e-05,0.0
Hospital_1,45,5,5,0.005897,0.08185,3e-05,0.000267,0.041884,0.870073
Hospital_1,46,3,3,0.0,0.0,1e-06,0.99935,0.000649,0.0
Hospital_1,47,2,2,0.015021,0.000186,0.979798,0.003242,0.001244,0.000508
Hospital_1,48,5,5,0.001148,0.026603,0.000138,0.004188,0.043313,0.92461
Hospital_1,49,5,5,0.001577,0.009642,1.3e-05,0.000213,0.01886,0.969694
Hospital_1,50,2,2,0.009574,0.000189,0.974017,0.013808,0.002101,0.000311
Hospital_1,51,2,2,0.000628,3.5e-05,0.994291,0.004793,0.000231,2.2e-05
Hospital_1,52,3,3,0.0,0.0,0.0,0.999976,2.4e-05,0.0
Hospital_1,53,3,3,0.0,0.0,7e-06,0.99989,0.000103,0.0
Hospital_1,54,2,2,0.008223,9.6e-05,0.985516,0.005155,0.000896,0.000114
Hospital_1,55,2,2,0.003415,9.7e-05,0.990647,0.00522,0.000543,7.7e-05
Hospital_1,56,5,5,0.000154,0.00138,5.6e-05,0.003807,0.011144,0.983459
Hospital_1,57,2,2,0.003936,3.5e-05,0.989846,0.005397,0.000723,6.3e-05
Hospital_1,58,2,2,0.025683,0.000356,0.970541,0.002026,0.001096,0.000297
Hospital_1,59,2,2,0.024708,0.000242,0.959973,0.012144,0.002523,0.00041
Hospital_1,60,2,2,0.002786,9e-05,0.968941,0.026409,0.001651,0.000123
Hospital_1,61,3,3,0.0,0.0,0.0,0.999966,3.4e-05,0.0
Hospital_1,62,2,2,0.011642,0.000163,0.975167,0.011277,0.001584,0.000167
Hospital_1,63,5,5,0.001252,0.003125,2.6e-05,0.000724,0.009744,0.985129
Hospital_1,64,3,3,0.0,0.0,0.0,0.999975,2.5e-05,0.0
Hospital_1,65,3,3,0.0,0.0,1e-06,0.999833,0.000166,0.0
Hospital_1,66,5,5,0.034951,0.041103,4.4e-05,0.000488,0.096843,0.826571
Hospital_1,67,2,2,0.017124,0.000237,0.972924,0.007613,0.001733,0.000369
Hospital_1,68,1,1,0.00052,0.980613,5e-06,3.4e-05,0.001444,0.017384
Hospital_1,69,5,5,0.004693,0.001039,1e-05,0.002466,0.175399,0.816394
Hospital_1,70,2,2,0.003435,9.5e-05,0.986592,0.008893,0.000873,0.000113
Hospital_1,71,5,5,0.015961,0.018008,2.5e-05,0.000407,0.130878,0.834722
Hospital_1,72,3,3,0.0,0.0,0.0,0.999987,1.3e-05,0.0
Hospital_1,73,2,2,0.007173,0.000102,0.984428,0.005683,0.002041,0.000572
Hospital_1,74,3,3,0.0,0.0,0.0,0.999959,4e-05,0.0
Hospital_1,75,3,3,0.0,0.0,3e-06,0.999982,1.5e-05,0.0
Hospital_1,76,5,1,0.001311,0.700104,8.5e-05,0.000757,0.0178,0.279944
Hospital_1,77,5,5,0.002297,0.019335,1.7e-05,0.000271,0.025331,0.95275
Hospital_1,78,3,3,0.0,0.0,1e-06,0.999978,2.1e-05,0.0
Hospital_1,79,1,1,0.000655,0.981795,9e-06,5.5e-05,0.001929,0.015557
Hospital_1,80,1,1,0.000338,0.955259,7e-06,4.5e-05,0.001774,0.042577
Hospital_1,81,3,3,0.0,0.0,0.0,0.99997,3e-05,0.0
Hospital_1,82,2,2,0.013777,0.000225,0.979313,0.005324,0.00102,0.000341
Hospital_1,83,3,3,0.0,0.0,2e-06,0.999908,9e-05,0.0
Hospital_1,84,2,2,0.022252,0.000182,0.973548,0.002689,0.001216,0.000113
Hospital_1,85,0,0,0.953894,0.002078,0.028869,0.003343,0.008429,0.003387
Hospital_1,86,5,5,0.001396,0.003914,6e-06,0.000107,0.020097,0.974481
Hospital_1,87,3,3,0.0,0.0,1e-06,0.983869,0.016116,1.3e-05
Hospital_1,88,2,2,0.004555,5.8e-05,0.991696,0.002901,0.000688,0.000102
Hospital_1,89,2,2,0.014912,0.000162,0.98061,0.002399,0.001345,0.000572
Hospital_1,90,3,3,0.0,0.0,0.0,0.999954,4.6e-05,0.0
Hospital_1,91,3,3,0.0,0.0,1e-06,0.999987,1.2e-05,0.0
Hospital_1,92,0,0,0.911264,0.023546,0.043315,0.004337,0.008047,0.009492
Hospital_1,93,3,3,0.0,0.0,1e-06,0.998057,0.001941,0.0
Hospital_1,94,2,2,0.00476,9.9e-05,0.991128,0.003409,0.000511,9.3e-05
Hospital_1,95,2,2,0.01431,0.000291,0.979818,0.004413,0.000962,0.000207
Hospital_1,96,2,2,0.009924,4.9e-05,0.980652,0.007826,0.001426,0.000123
Hospital_1,97,2,2,0.012762,0.000168,0.980775,0.005063,0.001014,0.000218
Hospital_1,98,0,0,0.585176,0.089111,0.295748,0.011719,0.009374,0.008872
Hospital_1,99,2,2,0.004833,0.000109,0.977553,0.016403,0.001013,9e-05
Hospital_1,100,2,2,0.009749,0.000155,0.980349,0.008815,0.000813,0.00012
Hospital_1,101,2,2,0.003777,0.000111,0.925911,0.065152,0.004762,0.000288
Hospital_1,102,2,2,0.00745,0.000117,0.988444,0.003233,0.000593,0.000163
Hospital_1,103,3,3,0.0,0.0,0.0,0.999983,1.6e-05,0.0
Hospital_1,104,2,2,0.003085,9.5e-05,0.990738,0.005595,0.000424,6.2e-05
Hospital_1,105,5,5,0.000532,0.000677,3e-06,8.9e-05,0.017568,0.981131
Hospital_1,106,2,2,0.009006,0.00015,0.980551,0.008314,0.001706,0.000273
Hospital_1,107,2,2,0.00389,0.000126,0.990433,0.004861,0.000591,9.9e-05
Hospital_1,108,2,2,0.007656,0.000128,0.987889,0.003559,0.000625,0.000143
Hospital_1,109,5,5,0.001764,0.000962,6e-06,0.000462,0.04969,0.947117
Hospital_1,110,3,3,0.0,0.0,2e-06,0.999877,0.000122,0.0
Hospital_1,111,3,3,0.0,0.0,0.0,0.99977,0.00023,0.0
Hospital_1,112,5,5,0.000131,0.001281,1.5e-05,0.000454,0.004321,0.993797
Hospital_1,113,3,3,0.0,0.0,1e-06,0.999626,0.000373,0.0
Hospital_1,114,3,3,0.0,0.0,0.0,0.99996,3.9e-05,0.0
Hospital_1,115,2,2,0.01108,9.9e-05,0.984618,0.003238,0.000843,0.000122
Hospital_1,116,2,2,0.002463,0.000134,0.990958,0.005953,0.000429,6.2e-05
Hospital_1,117,3,3,0.0,0.0,0.0,0.999979,2e-05,0.0
Hospital_1,118,5,5,0.001302,0.000299,1e-05,0.003494,0.07791,0.916985
Hospital_1,119,2,2,0.00328,6.4e-05,0.989807,0.006172,0.000601,7.5e-05
Hospital_1,120,2,2,0.00302,0.000112,0.990934,0.005188,0.000631,0.000115
Hospital_1,121,2,2,0.008388,0.000121,0.98465,0.005783,0.0009,0.000158
Hospital_1,122,2,2,0.001041,9e-05,0.993114,0.005296,0.000395,6.5e-05
Hospital_1,123,2,2,0.008355,9.5e-05,0.984021,0.006028,0.001337,0.000164
Hospital_1,124,3,3,0.0,0.0,0.0,0.999852,0.000148,0.0
Hospital_1,125,1,1,0.000357,0.892279,7e-06,8.1e-05,0.003712,0.103564
Hospital_1,126,5,5,0.001031,0.00102,3e-06,9e-05,0.014655,0.983201
Hospital_1,127,3,3,0.0,0.0,0.0,0.999995,5e-06,0.0
Hospital_1,128,2,2,0.003593,9.4e-05,0.991793,0.003924,0.000512,8.4e-05
Hospital_1,129,2,2,0.006026,7.2e-05,0.983703,0.008844,0.001234,0.00012
Hospital_1,130,2,2,0.002579,4.1e-05,0.992457,0.004259,0.000597,6.7e-05
Hospital_1,131,0,0,0.844887,0.011251,0.071999,0.021302,0.030129,0.020432
Hospital_1,132,2,2,0.00323,8.3e-05,0.994873,0.00119,0.000447,0.000177
Hospital_1,133,2,2,0.001644,0.000104,0.99361,0.004124,0.000438,8e-05
Hospital_1,134,2,2,0.016097,0.000172,0.974254,0.007909,0.00129,0.000278
Hospital_1,135,3,3,0.0,0.0,0.0,0.999926,7.4e-05,0.0
Hospital_1,136,2,2,0.006479,0.000175,0.982382,0.009751,0.001013,0.000201
Hospital_1,137,2,2,0.011663,0.000182,0.983998,0.002948,0.000915,0.000294
Hospital_1,138,2,2,0.015758,0.000102,0.977897,0.004791,0.001297,0.000156
Hospital_1,139,3,3,0.0,0.0,0.0,0.999987,1.3e-05,0.0
Hospital_1,140,5,5,0.001298,0.024671,0.000259,0.007224,0.018974,0.947574
Hospital_1,141,3,3,0.0,0.0,1e-06,0.995949,0.004049,1e-06
Hospital_1,142,2,2,0.002873,8e-05,0.986906,0.009571,0.000523,4.8e-05
Hospital_1,143,3,3,0.0,0.0,0.0,0.999983,1.7e-05,0.0
Hospital_1,144,2,2,0.006216,0.000114,0.984953,0.007606,0.000986,0.000124
Hospital_1,145,5,5,0.011401,0.038524,0.000243,0.01045,0.258858,0.680524
Hospital_1,146,3,3,0.0,0.0,1e-06,0.999946,5.3e-05,0.0
Hospital_1,147,2,2,0.028592,0.000183,0.965541,0.004262,0.001238,0.000184
Hospital_1,148,3,3,0.0,0.0,0.0,0.999977,2.3e-05,0.0
Hospital_1,149,3,3,0.0,0.0,0.0,0.999816,0.000183,0.0
Hospital_1,150,2,2,0.007128,8.1e-05,0.989781,0.002286,0.000624,0.0001
Hospital_1,151,5,5,0.000427,0.006358,1.7e-05,0.000487,0.013888,0.978823
Hospital_1,152,2,2,0.007932,0.00016,0.980281,0.01012,0.00132,0.000188
Hospital_1,153,5,5,0.000879,0.009729,1.3e-05,0.00055,0.014902,0.973927
Hospital_1,154,2,2,0.002008,6.3e-05,0.996551,0.000995,0.000308,7.5e-05
Hospital_1,155,3,3,0.0,0.0,1e-06,0.999891,0.000108,0.0
Hospital_1,156,2,2,0.006218,9.3e-05,0.985916,0.006278,0.001307,0.000188
Hospital_1,157,5,5,0.00117,0.006627,9e-06,0.000168,0.013704,0.978322
Hospital_1,158,5,5,0.000424,0.002679,2.6e-05,0.00227,0.041531,0.95307
Hospital_1,159,2,2,0.004421,1.9e-05,0.991382,0.002923,0.001176,8e-05
Hospital_1,160,1,1,0.000383,0.852132,9e-06,8.8e-05,0.004645,0.142742
Hospital_1,161,2,2,0.001727,0.00011,0.989945,0.007447,0.000652,0.000118
Hospital_1,162,2,2,0.013496,0.000285,0.975177,0.009262,0.001427,0.000353
Hospital_1,163,3,3,0.0,0.0,0.0,0.999967,3.3e-05,0.0
Hospital_1,164,2,2,0.003703,0.000268,0.983259,0.011796,0.000822,0.000151
Hospital_1,165,3,3,0.0,0.0,1e-06,0.999842,0.000157,0.0
Hospital_1,166,2,2,0.005445,0.000108,0.989036,0.004637,0.00066,0.000113
Hospital_1,167,2,2,0.00417,9.9e-05,0.988633,0.00617,0.000793,0.000135
Hospital_1,168,2,2,0.01515,0.00029,0.97707,0.006022,0.001218,0.00025
Hospital_1,169,3,3,0.0,0.0,0.0,0.999995,5e-06,0.0
Hospital_1,170,3,3,0.0,0.0,0.0,0.999994,6e-06,0.0
Hospital_1,171,2,2,0.012917,0.000108,0.980758,0.004811,0.001179,0.000228
Hospital_1,172,2,2,0.004777,6.9e-05,0.982472,0.011138,0.00143,0.000114
Hospital_1,173,2,2,0.002532,0.000113,0.985177,0.011231,0.000849,9.7e-05
Hospital_1,174,3,3,0.0,0.0,0.0,0.999994,6e-06,0.0
Hospital_1,175,3,3,0.0,0.0,0.0,0.999979,2.1e-05,0.0
Hospital_1,176,2,2,0.008035,0.000165,0.980631,0.009564,0.001283,0.000322
Hospital_1,177,1,1,0.000625,0.96345,9e-06,5.2e-05,0.001371,0.034493
Hospital_1,178,2,2,0.014243,0.000175,0.979905,0.004511,0.000973,0.000192
Hospital_1,179,2,2,0.013455,0.000166,0.976497,0.008381,0.001296,0.000204
Hospital_1,180,2,2,0.024091,0.000222,0.969838,0.004071,0.001321,0.000457
Hospital_1,181,3,3,0.0,0.0,1e-06,0.99993,6.9e-05,0.0
Hospital_1,182,3,3,0.0,0.0,0.0,0.999963,3.7e-05,0.0
Hospital_1,183,3,3,0.0,0.0,0.0,0.999997,2e-06,0.0
Hospital_1,184,1,1,0.000354,0.719549,1.8e-05,0.000485,0.009705,0.269889
Hospital_1,185,2,2,0.00501,0.000147,0.974775,0.018682,0.00126,0.000126
Hospital_1,186,2,2,0.010905,0.000187,0.972694,0.013638,0.00223,0.000347
Hospital_1,187,2,2,0.037854,0.0004,0.950636,0.007747,0.002625,0.000738
Hospital_1,188,2,2,0.022287,0.000212,0.972814,0.00305,0.001274,0.000364
Hospital_1,189,5,5,0.000166,0.000981,6e-06,0.000647,0.017382,0.980817
Hospital_1,190,2,2,0.001967,8.9e-05,0.991609,0.005632,0.000595,0.000107
Hospital_1,191,3,3,0.0,0.0,0.0,0.999949,5e-05,0.0
Hospital_1,192,3,3,0.0,0.0,1e-06,0.999936,6.3e-05,0.0
Hospital_1,193,5,5,0.000754,0.011799,9.2e-05,0.001172,0.006528,0.979655
Hospital_1,194,3,3,0.0,0.0,0.0,0.999747,0.000253,0.0
Hospital_1,195,2,2,0.019052,0.000151,0.973493,0.005794,0.001314,0.000196
Hospital_1,196,3,3,0.0,0.0,0.0,0.999913,8.7e-05,0.0
Hospital_1,197,2,2,0.00209,7.3e-05,0.993913,0.003301,0.00049,0.000133
Hospital_1,198,3,3,0.0,0.0,2e-06,0.999931,6.6e-05,0.0
Hospital_1,199,3,3,0.0,0.0,2e-06,0.999632,0.000365,0.0
Hospital_1,200,3,3,0.0,0.0,0.0,0.999984,1.6e-05,0.0
Hospital_1,201,5,5,0.000596,0.009689,9.5e-05,0.003378,0.012548,0.973694
Hospital_1,202,2,2,0.002911,7.9e-05,0.991116,0.005371,0.000472,5.2e-05
Hospital_1,203,3,3,0.0,0.0,0.0,0.999959,4e-05,0.0
Hospital_1,204,2,2,0.002244,0.000144,0.980797,0.016198,0.00055,6.9e-05
Hospital_1,205,2,2,0.005154,0.000142,0.9826,0.010771,0.001156,0.000176
Hospital_1,206,2,2,0.002687,0.000154,0.982444,0.013469,0.00108,0.000166
Hospital_1,207,5,5,0.002109,0.004888,8e-06,0.000164,0.019461,0.97337
Hospital_1,208,5,5,0.00018,0.001172,0.000132,0.005472,0.011794,0.98125
Hospital_1,209,2,2,0.009777,0.000172,0.979197,0.008956,0.001634,0.000265
Hospital_1,210,2,2,0.011258,0.000154,0.984234,0.003011,0.00098,0.000363
Hospital_1,211,2,2,0.030439,9.7e-05,0.962932,0.00425,0.002002,0.00028
Hospital_1,212,2,2,0.008173,0.00014,0.987875,0.002956,0.000766,9e-05
Hospital_1,213,2,2,0.008477,0.000134,0.987197,0.003209,0.00079,0.000193
Hospital_1,214,2,2,0.003739,0.000103,0.991409,0.004203,0.000474,7.3e-05
Hospital_1,215,2,2,0.006002,2.9e-05,0.990361,0.002717,0.000837,5.4e-05
Hospital_1,216,2,2,0.009029,9e-05,0.986254,0.003614,0.000849,0.000164
Hospital_1,217,2,2,0.00381,0.000102,0.990591,0.004793,0.000571,0.000133
Hospital_1,218,5,1,0.001271,0.699421,8.4e-05,0.00077,0.017973,0.280482
Hospital_1,219,2,2,0.005499,0.000104,0.988049,0.005248,0.000924,0.000177
Hospital_1,220,2,2,0.003491,8.5e-05,0.99026,0.005451,0.000634,7.9e-05
Hospital_1,221,5,5,0.002098,0.000606,7e-06,0.001341,0.040336,0.955613
Hospital_1,222,3,3,0.0,0.0,4e-06,0.988978,0.011014,3e-06
Hospital_1,223,5,5,0.00432,0.0013,8e-06,0.001025,0.120626,0.872722
Hospital_1,224,2,2,0.002388,8.1e-05,0.986388,0.010091,0.000984,6.9e-05
Hospital_1,225,2,2,0.016118,0.000129,0.976977,0.00453,0.001896,0.00035
Hospital_1,226,3,3,0.0,0.0,0.0,0.999946,5.4e-05,0.0
Hospital_1,227,3,3,0.0,0.0,2e-06,0.999704,0.000294,0.0
Hospital_1,228,5,5,0.000382,0.002822,0.000164,0.005052,0.012925,0.978654
Hospital_1,229,2,2,0.003514,0.000129,0.991858,0.003497,0.000735,0.000267
Hospital_1,230,2,2,0.003429,8.3e-05,0.987508,0.008049,0.000806,0.000124
Hospital_1,231,2,2,0.002478,8.4e-05,0.992767,0.003996,0.000539,0.000136
Hospital_1,232,2,2,0.001818,6.8e-05,0.99592,0.001887,0.000267,4.1e-05
Hospital_1,233,2,2,0.008417,5.8e-05,0.984752,0.005563,0.001063,0.000147
Hospital_1,234,5,5,0.00159,0.002588,5e-06,0.000202,0.039211,0.956405
Hospital_1,235,2,2,0.004384,7.6e-05,0.98302,0.010787,0.001587,0.000146
Hospital_1,236,5,5,0.000369,0.011746,0.000212,0.005526,0.02148,0.960667
Hospital_1,237,2,2,0.004022,0.000222,0.979947,0.014886,0.000809,0.000113
Hospital_1,238,2,2,0.046641,0.000363,0.942863,0.007,0.002388,0.000745
Hospital_1,239,2,2,0.005977,7.1e-05,0.977842,0.013342,0.002516,0.000252
Hospital_1,240,2,2,0.033548,0.000351,0.955551,0.007484,0.002524,0.000541
Hospital_1,241,2,2,0.002317,0.000124,0.981579,0.014878,0.000936,0.000167
Hospital_1,242,2,2,0.014374,9.8e-05,0.97732,0.006176,0.001695,0.000336
Hospital_1,243,3,3,0.0,0.0,0.0,0.999978,2.2e-05,0.0
Hospital_1,244,0,0,0.900178,0.003295,0.040443,0.013419,0.024996,0.017668
Hospital_1,245,2,2,0.004257,9.3e-05,0.986994,0.007791,0.00077,9.6e-05
Hospital_1,246,5,5,0.000443,0.001749,2.3e-05,0.000376,0.005951,0.991458
Hospital_1,247,1,1,0.00046,0.942239,1.2e-05,8.8e-05,0.002426,0.054775
Hospital_1,248,2,2,0.017084,0.00021,0.979931,0.001664,0.000749,0.000362
Hospital_1,249,5,5,0.000904,0.001082,9e-06,0.000346,0.003316,0.994344
Hospital_1,250,3,3,0.0,0.0,0.0,0.999944,5.6e-05,0.0
Hospital_1,251,2,2,0.010553,0.000214,0.96242,0.024473,0.002001,0.00034
Hospital_1,252,5,5,0.000499,0.001529,3.3e-05,0.001485,0.009947,0.986507
Hospital_1,253,0,0,0.919862,0.017211,0.032533,0.000419,0.005377,0.024599
Hospital_1,254,2,2,0.016463,0.00017,0.977243,0.004845,0.001056,0.000223
Hospital_1,255,2,2,0.009895,8.3e-05,0.97552,0.01261,0.001744,0.000149
Hospital_1,256,3,3,0.0,0.0,0.0,0.99993,7e-05,0.0
Hospital_1,257,1,1,0.000418,0.987871,6e-06,3.6e-05,0.000723,0.010947
Hospital_1,258,2,2,0.006807,0.000114,0.989334,0.003,0.000635,0.00011
Hospital_1,259,2,2,0.002496,6e-05,0.989394,0.007269,0.000684,9.7e-05
Hospital_1,260,2,2,0.009099,0.00028,0.973883,0.015028,0.001447,0.000264
Hospital_1,261,5,5,0.000556,0.006709,3.4e-05,0.000645,0.007245,0.984812
Hospital_1,262,2,2,0.009811,0.0001,0.985531,0.003661,0.000752,0.000143
Hospital_1,263,3,3,0.0,0.0,4e-06,0.99979,0.000206,0.0
Hospital_1,264,3,3,0.0,0.0,0.0,0.999921,7.9e-05,0.0
Hospital_1,265,2,2,0.022126,0.00039,0.968362,0.007189,0.001453,0.000481
Hospital_1,266,5,5,0.009286,0.008977,1.1e-05,0.000302,0.129703,0.851721
Hospital_1,267,3,3,0.0,0.0,5e-06,0.998995,0.000999,1e-06
Hospital_1,268,3,3,0.0,0.0,0.0,0.999992,7e-06,0.0
Hospital_1,269,3,3,0.0,0.0,0.0,0.999797,0.000203,0.0
Hospital_1,270,5,5,0.000538,0.000482,5e-06,0.000177,0.00855,0.990248
Hospital_1,271,3,3,0.0,0.0,1e-06,0.998468,0.001531,0.0
Hospital_1,272,2,2,0.005389,9.9e-05,0.990618,0.003161,0.000606,0.000127
Hospital_1,273,3,3,0.0,0.0,0.0,0.999953,4.7e-05,0.0
Hospital_1,274,2,2,0.008524,0.00025,0.978035,0.011343,0.001593,0.000255
Hospital_1,275,3,3,0.0,0.0,0.0,0.999862,0.000138,0.0
Hospital_1,276,2,2,0.00175,0.000173,0.984449,0.012697,0.000798,0.000132
Hospital_1,277,2,2,0.012272,0.000188,0.98194,0.004377,0.00099,0.000233
Hospital_1,278,2,2,0.016821,0.000142,0.979845,0.00219,0.0009,0.000101
Hospital_1,279,2,2,0.031554,0.00048,0.960168,0.006025,0.00144,0.000333
Hospital_1,280,2,2,0.010175,0.000107,0.98587,0.002997,0.000704,0.000147
Hospital_1,281,2,2,0.002522,5.9e-05,0.993049,0.003919,0.000402,4.9e-05
Hospital_1,282,2,2,0.007032,9.5e-05,0.98298,0.008441,0.001323,0.000129
Hospital_1,283,2,2,0.006576,9e-05,0.990994,0.001634,0.000513,0.000193
Hospital_1,284,2,2,0.004882,0.000126,0.988489,0.005614,0.000803,8.5e-05
Hospital_1,285,2,2,0.010903,0.000158,0.981623,0.006004,0.001111,0.0002
Hospital_1,286,3,3,0.0,0.0,1e-06,0.999487,0.000513,0.0
Hospital_1,287,3,3,0.0,0.0,0.0,0.999952,4.8e-05,0.0
Hospital_1,288,5,5,0.010159,0.003615,1e-05,0.000371,0.111955,0.873889
Hospital_1,289,2,2,0.012419,0.000126,0.980252,0.006044,0.001004,0.000156
Hospital_1,290,0,0,0.843646,0.00367,0.112018,0.015106,0.019259,0.006301
Hospital_1,291,3,3,0.0,0.0,1e-06,0.999634,0.000364,0.0
Hospital_1,292,3,3,0.0,0.0,1e-06,0.999923,7.6e-05,0.0
Hospital_1,293,2,2,0.00326,8.7e-05,0.99202,0.004117,0.00046,5.6e-05
Hospital_1,294,0,0,0.964335,0.002044,0.005352,0.002427,0.017481,0.008361
Hospital_1,295,2,2,0.071615,0.000615,0.919581,0.004751,0.002787,0.000651
Hospital_1,296,2,2,0.014981,0.000257,0.971019,0.012221,0.001324,0.000198
Hospital_1,297,2,2,0.024527,0.000145,0.969557,0.004172,0.001345,0.000253
Hospital_1,298,2,2,0.008426,0.000101,0.985488,0.005161,0.000729,9.5e-05
Hospital_1,299,3,3,0.0,0.0,0.0,0.998054,0.001945,1e-06
Hospital_1,300,2,2,0.014029,3.9e-05,0.983024,0.001897,0.000927,8.3e-05
Hospital_1,301,2,2,0.021043,0.000119,0.974837,0.002906,0.000999,9.7e-05
Hospital_1,302,2,2,0.003031,0.000102,0.991414,0.00494,0.000445,6.8e-05
Hospital_1,303,2,2,0.005472,0.000105,0.988249,0.005507,0.000581,8.6e-05
Hospital_1,304,3,3,0.0,0.0,1e-06,0.999106,0.000893,0.0
Hospital_1,305,3,3,0.0,0.0,0.0,0.999972,2.8e-05,0.0
Hospital_1,306,3,3,0.0,0.0,1e-06,0.999708,0.000291,0.0
Hospital_1,307,5,5,0.000813,0.023575,0.000161,0.001676,0.016806,0.956969
Hospital_1,308,2,2,0.001966,2.4e-05,0.995502,0.002005,0.000462,4e-05
Hospital_1,309,3,3,0.0,0.0,0.0,0.999943,5.7e-05,0.0
Hospital_1,310,2,2,0.024157,0.000366,0.96466,0.00836,0.001915,0.000541
Hospital_1,311,5,5,0.00044,0.030338,0.000162,0.003892,0.028031,0.937137
Hospital_1,312,0,0,0.636034,0.103584,0.217451,0.022044,0.009704,0.011183
Hospital_1,313,2,2,0.009347,0.000122,0.983645,0.00582,0.001,6.7e-05
Hospital_1,314,3,3,0.0,0.0,0.0,0.99997,3e-05,0.0
Hospital_1,315,2,2,0.046181,0.000403,0.947409,0.003628,0.001852,0.000527
Hospital_1,316,3,3,0.0,0.0,0.0,0.999984,1.6e-05,0.0
Hospital_1,317,2,2,0.014276,0.000193,0.96995,0.010569,0.003904,0.001108
Hospital_1,318,2,2,0.003618,0.0001,0.985877,0.009597,0.000743,6.5e-05
Hospital_1,319,3,3,0.0,0.0,0.0,0.999981,1.9e-05,0.0
Hospital_1,320,3,3,0.0,0.0,9e-06,0.997269,0.00272,1e-06
Hospital_1,321,5,5,0.000605,0.000681,2.4e-05,0.004243,0.024369,0.970077
Hospital_1,322,2,2,0.005645,0.000158,0.983034,0.010006,0.000959,0.000197
Hospital_1,323,2,2,0.011722,0.000178,0.984073,0.002929,0.000855,0.000243
Hospital_1,324,2,2,0.005225,0.000116,0.962971,0.030217,0.001374,9.7e-05
Hospital_1,325,3,3,0.0,0.0,0.0,0.99997,3e-05,0.0
Hospital_1,326,2,2,0.002277,6.1e-05,0.991445,0.005824,0.000357,3.6e-05
Hospital_1,327,5,1,0.001291,0.694131,8.3e-05,0.000766,0.017948,0.28578
Hospital_1,328,3,3,0.0,0.0,0.0,0.999937,6.2e-05,0.0
Hospital_1,329,1,1,0.000469,0.994209,2e-06,1.9e-05,0.000267,0.005035
Hospital_1,330,2,2,0.018897,0.000288,0.968281,0.01013,0.00199,0.000414
Hospital_1,331,3,3,0.0,0.0,1e-06,0.999743,0.000256,0.0
Hospital_1,332,2,2,0.007886,0.000122,0.985918,0.005375,0.000605,9.3e-05
Hospital_1,333,3,3,0.0,0.0,1e-06,0.999857,0.000142,0.0
Hospital_1,334,5,5,3.5e-05,8.8e-05,5e-06,0.000341,0.003152,0.99638
Hospital_1,335,3,3,0.0,0.0,0.0,0.999995,5e-06,0.0
Hospital_1,336,5,5,0.000516,0.002199,6e-06,0.000195,0.009632,0.987452
Hospital_1,337,3,3,0.0,0.0,1e-06,0.999747,0.000252,0.0
Hospital_1,338,5,5,0.002185,0.001044,9e-06,0.0013,0.038825,0.956637
Hospital_1,339,3,3,0.0,0.0,0.0,0.999998,2e-06,0.0
Hospital_1,340,5,5,8.8e-05,0.000516,7e-06,0.000467,0.004634,0.994288
Hospital_1,341,3,3,0.0,0.0,0.0,0.99995,5e-05,0.0
Hospital_1,342,2,2,0.017761,0.000175,0.975267,0.005236,0.001368,0.000193
Hospital_1,343,2,2,0.016416,0.00019,0.97669,0.005113,0.001296,0.000295
Hospital_1,344,2,2,0.006812,9.6e-05,0.989445,0.002811,0.00077,6.5e-05
Hospital_1,345,2,2,0.001328,7.4e-05,0.987729,0.010342,0.00047,5.7e-05
Hospital_1,346,2,2,0.004847,0.000125,0.98528,0.008963,0.000703,8.2e-05
Hospital_1,347,3,3,0.0,0.0,3e-06,0.960855,0.039131,1.1e-05
Hospital_1,348,3,3,0.0,0.0,1e-06,0.999975,2.5e-05,0.0
Hospital_1,349,2,2,0.004696,0.000114,0.987547,0.006769,0.000751,0.000123
Hospital_1,350,3,3,0.0,0.0,0.0,0.99994,6e-05,0.0
Hospital_1,351,5,5,0.000597,0.001107,2.3e-05,0.001835,0.022169,0.974269
Hospital_1,352,2,2,0.04264,0.000318,0.948171,0.005939,0.002751,0.000182
Hospital_1,353,2,2,0.003412,7.9e-05,0.991933,0.004047,0.00048,4.9e-05
Hospital_1,354,3,3,0.0,0.0,1e-06,0.999778,0.000221,0.0
Hospital_1,355,3,3,0.0,0.0,0.0,0.999959,4e-05,0.0
Hospital_1,356,2,2,0.008839,0.000103,0.98849,0.001689,0.000669,0.000209
Hospital_1,357,2,2,0.011792,0.000224,0.982941,0.003906,0.000923,0.000213
Hospital_1,358,2,2,0.018864,0.000156,0.976794,0.002884,0.001196,0.000107
Hospital_1,359,3,3,0.0,0.0,1e-06,0.9995,0.0005,0.0
Hospital_1,360,2,2,0.042856,0.000241,0.946641,0.007436,0.002584,0.000243
Hospital_1,361,3,3,0.0,0.0,0.0,0.999954,4.6e-05,0.0
Hospital_1,362,3,3,0.0,0.0,2e-06,0.999728,0.00027,0.0
Hospital_1,363,3,3,0.0,0.0,1e-06,0.999695,0.000304,0.0
Hospital_1,364,3,3,0.0,0.0,2e-06,0.988969,0.011023,6e-06
Hospital_1,365,2,2,0.018127,0.000276,0.972437,0.007685,0.001287,0.000189
Hospital_1,366,2,2,0.015078,0.000192,0.979603,0.003624,0.001143,0.00036
Hospital_1,367,2,2,0.013297,0.000298,0.97837,0.006707,0.001157,0.00017
Hospital_1,368,5,5,0.005023,0.000787,4e-06,0.000319,0.066387,0.92748
Hospital_1,369,2,2,0.006748,0.000115,0.981454,0.01036,0.001107,0.000216
Hospital_1,370,3,3,0.0,0.0,0.0,0.999687,0.000313,0.0
Hospital_1,371,3,3,0.0,0.0,1e-06,0.999981,1.8e-05,0.0
Hospital_1,372,2,2,0.001697,4.1e-05,0.988717,0.008999,0.000503,4.3e-05
Hospital_1,373,2,2,0.00396,0.000101,0.991125,0.004127,0.000565,0.000122
Hospital_1,374,5,5,0.00122,0.075839,7.3e-05,0.000837,0.010297,0.911734
Hospital_1,375,2,2,0.001143,3.5e-05,0.988948,0.009455,0.000389,3.1e-05
Hospital_1,376,3,3,0.0,0.0,0.0,0.999583,0.000417,0.0
Hospital_1,377,3,3,0.0,0.0,1e-06,0.999765,0.000234,0.0
Hospital_1,378,3,3,0.0,0.0,1e-06,0.998553,0.001446,0.0
Hospital_1,379,1,1,0.000544,0.978938,9e-06,5.1e-05,0.001114,0.019344
Hospital_1,380,3,3,0.0,0.0,1e-06,0.98654,0.013454,5e-06
Hospital_1,381,3,3,0.0,0.0,1e-06,0.998717,0.001282,1e-06
Hospital_1,382,2,2,0.002673,0.000205,0.975902,0.019789,0.001253,0.000178
Hospital_1,383,3,3,0.0,0.0,0.0,0.999952,4.8e-05,0.0
Hospital_1,384,3,3,0.0,0.0,1.3e-05,0.999358,0.000628,0.0
Hospital_1,385,2,2,0.005006,0.000165,0.972454,0.020955,0.001283,0.000137
Hospital_1,386,2,2,0.004273,7e-05,0.99178,0.003201,0.000597,8e-05
Hospital_1,387,3,3,0.0,0.0,0.0,0.999972,2.8e-05,0.0
Hospital_1,388,2,2,0.003115,8.4e-05,0.992008,0.004179,0.000514,0.0001
Hospital_1,389,5,5,0.003274,0.001125,6e-06,0.000453,0.05844,0.936702
Hospital_1,390,2,2,0.00503,0.000133,0.989284,0.004729,0.000666,0.000156
Hospital_1,391,3,3,0.0,0.0,0.0,0.999992,8e-06,0.0
Hospital_1,392,3,3,1e-06,0.0,2e-06,0.928245,0.071705,4.7e-05
Hospital_1,393,3,3,0.0,0.0,0.0,0.999995,5e-06,0.0
Hospital_1,394,2,2,0.009993,0.000118,0.984495,0.004435,0.00081,0.00015
Hospital_1,395,3,3,0.0,0.0,0.0,0.99999,1e-05,0.0
Hospital_1,396,2,2,0.011303,0.000118,0.981608,0.005877,0.000938,0.000157
Hospital_1,397,0,0,0.873589,0.005738,0.06638,0.013485,0.028453,0.012355
Hospital_1,398,2,2,0.010903,6.9e-05,0.98407,0.003934,0.000913,0.000111
Hospital_1,399,2,2,0.014482,0.000166,0.979474,0.004562,0.001097,0.000219
Hospital_1,400,2,2,0.004333,5.3e-05,0.992054,0.002822,0.000653,8.4e-05
Hospital_1,401,5,5,0.000897,0.026083,8.2e-05,0.001106,0.009673,0.962158
Hospital_1,402,3,3,0.0,0.0,0.0,0.999976,2.4e-05,0.0
Hospital_1,403,2,2,0.001741,0.000152,0.984884,0.012341,0.000744,0.000137
Hospital_1,404,0,0,0.824129,0.01831,0.042377,0.004171,0.019648,0.091365
Hospital_1,405,2,2,0.01678,0.000163,0.979234,0.002836,0.000871,0.000116
Hospital_1,406,2,2,0.011559,0.00016,0.973499,0.012709,0.001888,0.000185
Hospital_1,407,3,3,0.0,0.0,0.0,0.999992,7e-06,0.0
Hospital_1,408,2,2,0.013648,0.000211,0.983457,0.001863,0.000701,0.00012
Hospital_1,409,1,1,0.001779,0.991764,7e-06,2.6e-05,0.000485,0.005939
Hospital_1,410,2,2,0.005679,0.000188,0.98285,0.009325,0.001708,0.000249
Hospital_1,411,3,3,0.0,0.0,0.0,0.99999,1e-05,0.0
Hospital_1,412,2,2,0.018099,0.000223,0.975629,0.004277,0.001383,0.000388
Hospital_1,413,3,3,1e-06,0.0,2e-05,0.989179,0.010794,6e-06
Hospital_1,414,3,3,0.0,0.0,2e-06,0.999946,5.2e-05,0.0
Hospital_1,415,2,2,0.003894,0.000188,0.988467,0.006448,0.000804,0.0002
Hospital_1,416,2,2,0.016601,0.000267,0.975281,0.006422,0.00113,0.000299
Hospital_1,417,5,5,0.000594,0.008732,5.2e-05,0.001204,0.00919,0.980228
Hospital_1,418,5,5,0.000859,0.007057,0.000198,0.005923,0.015757,0.970206
Hospital_1,419,3,3,0.0,0.0,7e-06,0.999936,5.6e-05,0.0
Hospital_1,420,5,5,0.00846,0.002911,6e-06,0.000249,0.161564,0.826811
Hospital_1,421,2,2,0.012958,0.000113,0.981021,0.004728,0.000991,0.000189
Hospital_1,422,5,5,0.000757,0.001252,1.1e-05,0.001173,0.045068,0.95174
Hospital_1,423,2,2,0.047226,0.00056,0.945141,0.004073,0.002205,0.000795
Hospital_1,424,3,3,0.0,0.0,0.0,0.999509,0.00049,0.0
Hospital_1,425,2,2,0.012167,0.000181,0.971051,0.015008,0.001427,0.000166
Hospital_1,426,2,2,0.003845,5.1e-05,0.991565,0.003693,0.000727,0.00012
Hospital_1,427,2,2,0.014756,0.000121,0.977358,0.006414,0.001169,0.000183
Hospital_1,428,1,1,0.000615,0.951425,8e-06,5.2e-05,0.002696,0.045204
Hospital_1,429,2,2,0.014619,0.000113,0.977331,0.00645,0.001273,0.000214
Hospital_1,430,2,2,0.004681,5.8e-05,0.98636,0.007735,0.001058,0.000109
Hospital_1,431,5,5,0.000473,0.005128,4.3e-05,0.000889,0.004908,0.988558
Hospital_1,432,2,2,0.018088,0.000312,0.975324,0.004637,0.001262,0.000378
Hospital_1,433,2,2,0.009255,0.00017,0.986655,0.002854,0.000806,0.000261
Hospital_1,434,3,3,0.0,0.0,0.0,0.99994,5.9e-05,0.0
Hospital_1,435,3,3,0.0,0.0,0.0,0.999973,2.7e-05,0.0
Hospital_1,436,5,5,0.000185,0.003699,0.000103,0.003225,0.014902,0.977886
Hospital_1,437,2,2,0.057661,0.000831,0.933034,0.00552,0.002338,0.000615
Hospital_1,438,5,1,0.0012,0.681783,8.2e-05,0.00082,0.018795,0.29732
Hospital_1,439,2,2,0.01208,0.000212,0.981825,0.00472,0.001035,0.000128
Hospital_1,440,2,2,0.006527,9.5e-05,0.982389,0.009579,0.00132,9e-05
Hospital_1,441,2,2,0.040361,0.000285,0.954828,0.002591,0.001522,0.000413
Hospital_1,442,2,2,0.014486,0.000115,0.97574,0.007749,0.001746,0.000163
Hospital_1,443,5,5,0.000338,0.001455,6e-06,0.000184,0.012272,0.985745
Hospital_1,444,2,2,0.015093,0.000156,0.973075,0.009614,0.001829,0.000234
Hospital_1,445,2,2,0.007939,0.000125,0.974762,0.013319,0.003376,0.000479
Hospital_1,446,2,2,0.005592,3.2e-05,0.988518,0.004784,0.001004,7e-05
Hospital_1,447,3,3,0.0,0.0,0.0,0.999712,0.000288,0.0
Hospital_1,448,2,2,0.020446,0.000174,0.973941,0.003766,0.00142,0.000254
Hospital_1,449,2,2,0.011333,0.000131,0.979383,0.007563,0.001405,0.000185
Hospital_1,450,2,2,0.003035,7.7e-05,0.992691,0.003541,0.000529,0.000127
Hospital_1,451,2,2,0.050644,0.000303,0.934581,0.011125,0.002895,0.000453
Hospital_1,452,3,3,0.0,0.0,2e-06,0.999562,0.000436,0.0
Hospital_1,453,2,2,0.011009,9.3e-05,0.978888,0.007599,0.002202,0.000209
Hospital_1,454,2,2,0.006631,7e-05,0.988002,0.004443,0.000774,8.1e-05
Hospital_1,455,2,2,0.002713,0.000123,0.984466,0.011684,0.000867,0.000147
Hospital_1,456,2,2,0.016786,0.000182,0.978062,0.003556,0.001125,0.00029
Hospital_1,457,5,5,0.004964,0.00271,7e-06,0.000367,0.164216,0.827736
Hospital_1,458,0,0,0.654687,0.00381,0.269653,0.034002,0.031983,0.005865
Hospital_1,459,5,5,0.00033,0.00509,3.1e-05,0.000543,0.004797,0.989209
Hospital_1,460,2,2,0.013922,0.000142,0.980227,0.00436,0.001118,0.000232
Hospital_1,461,5,5,0.001048,0.000286,4e-06,0.000775,0.06997,0.927917
Hospital_1,462,2,2,0.004367,0.000139,0.987985,0.006472,0.000826,0.000211
Hospital_1,463,2,2,0.010629,0.000134,0.984906,0.003173,0.000979,0.000179
Hospital_1,464,5,5,0.001096,0.041272,0.00064,0.020505,0.042609,0.893878
Hospital_1,465,3,3,0.0,0.0,8e-06,0.998664,0.001327,1e-06
Hospital_1,466,2,2,0.02148,0.0003,0.970679,0.00532,0.001936,0.000285
Hospital_1,467,1,1,0.001204,0.967096,4e-06,2.1e-05,0.000939,0.030735
Hospital_1,468,3,3,0.0,0.0,1e-06,0.999886,0.000113,0.0
Hospital_1,469,3,3,0.0,0.0,0.0,0.999963,3.6e-05,0.0
Hospital_1,470,3,3,0.0,0.0,1e-06,0.999438,0.000561,0.0
Hospital_1,471,2,2,0.014384,0.000189,0.981726,0.002786,0.000753,0.000162
Hospital_1,472,3,3,0.0,0.0,0.0,0.998694,0.001305,0.0
Hospital_1,473,3,3,0.0,0.0,0.0,0.999975,2.5e-05,0.0
Hospital_1,474,5,5,0.001609,0.00331,8e-06,0.000295,0.01436,0.980417
Hospital_1,475,2,2,0.033978,0.00022,0.931152,0.025928,0.008119,0.000602
Hospital_1,476,3,3,0.0,0.0,0.0,0.999965,3.5e-05,0.0
Hospital_1,477,2,2,0.025841,0.000403,0.960434,0.010511,0.002228,0.000582
Hospital_1,478,1,1,0.002289,0.98847,1.3e-05,7.3e-05,0.001075,0.00808
Hospital_1,479,1,1,0.000321,0.90939,1e-05,0.000123,0.004359,0.085797
Hospital_1,480,3,3,0.0,0.0,0.0,0.999975,2.4e-05,0.0
Hospital_1,481,5,5,0.001308,0.003167,2.5e-05,0.002319,0.025383,0.967798
Hospital_1,482,2,2,0.005938,0.000137,0.972464,0.019955,0.001437,6.9e-05
Hospital_1,483,2,2,0.001329,7.8e-05,0.992668,0.005518,0.000359,4.8e-05
Hospital_1,484,3,3,0.0,0.0,0.0,0.999964,3.6e-05,0.0
Hospital_1,485,3,3,0.0,0.0,0.0,0.999958,4.2e-05,0.0
Hospital_1,486,2,2,0.002407,7.2e-05,0.993108,0.003917,0.00045,4.5e-05
Hospital_1,487,3,3,0.0,0.0,1e-06,0.999946,5.3e-05,0.0
Hospital_1,488,5,5,0.000782,9e-05,3e-06,0.000786,0.043307,0.955032
Hospital_1,489,2,2,0.002115,1.5e-05,0.994797,0.002463,0.000559,5.1e-05
Hospital_1,490,2,2,0.017264,0.000143,0.977509,0.003399,0.00149,0.000196
Hospital_1,491,3,3,0.0,0.0,0.0,0.999989,1.1e-05,0.0
Hospital_1,492,3,3,0.0,0.0,1e-06,0.99939,0.000609,0.0
Hospital_1,493,1,1,0.000295,0.996701,2e-06,1.3e-05,0.000251,0.002738
Hospital_1,494,2,2,0.004126,0.000109,0.991356,0.003844,0.000477,8.9e-05
Hospital_1,495,2,2,0.004323,8.7e-05,0.98842,0.006443,0.000691,3.7e-05
Hospital_1,496,2,2,0.008434,0.00011,0.984822,0.005495,0.000986,0.000153
Hospital_1,497,2,2,0.015487,0.000274,0.96744,0.015071,0.001501,0.000228
Hospital_1,498,3,3,0.0,0.0,0.0,0.999985,1.5e-05,0.0
Hospital_1,499,2,2,0.031948,0.000102,0.962286,0.00356,0.001827,0.000278
Hospital_1,500,5,5,0.001023,0.001113,3e-06,0.000124,0.016005,0.981732
Hospital_1,501,3,3,0.0,0.0,0.0,0.999908,9.2e-05,0.0
Hospital_1,502,3,3,0.0,0.0,0.0,0.999993,7e-06,0.0
Hospital_1,503,2,2,0.007375,0.000248,0.97757,0.013077,0.001497,0.000234
Hospital_1,504,2,2,0.008057,0.000145,0.953513,0.034715,0.003373,0.000198
Hospital_1,505,2,2,0.004281,7.3e-05,0.990811,0.004007,0.000705,0.000122
Hospital_1,506,2,2,0.001746,0.000125,0.971705,0.025457,0.00087,9.7e-05
Hospital_1,507,3,3,0.0,0.0,0.0,0.999989,1.1e-05,0.0
Hospital_1,508,5,1,0.001311,0.684955,8.4e-05,0.000791,0.018956,0.293904
Hospital_1,509,2,2,0.007805,9.9e-05,0.988397,0.002759,0.00077,0.000169
Hospital_1,510,2,2,0.011989,0.000112,0.982886,0.003166,0.001569,0.000277
Hospital_1,511,2,2,0.003282,9.3e-05,0.988669,0.007174,0.000705,7.6e-05
Hospital_1,512,1,1,0.000468,0.876825,1.4e-05,0.000132,0.004293,0.118269
Hospital_1,513,1,1,0.000543,0.864778,1.1e-05,8.5e-05,0.004791,0.129791
Hospital_1,514,5,5,0.004567,0.046568,3.2e-05,0.00033,0.041822,0.906681
Hospital_1,515,2,2,0.022488,0.000246,0.972608,0.003455,0.001034,0.00017
Hospital_1,516,3,3,0.0,0.0,2e-06,0.999852,0.000146,0.0
Hospital_1,517,2,2,0.008663,0.000211,0.966536,0.022977,0.00148,0.000133
Hospital_1,518,2,2,0.012499,0.000192,0.981737,0.004394,0.000965,0.000213
Hospital_1,519,5,5,0.001875,0.000247,2e-06,0.000269,0.035323,0.962284
Hospital_1,520,2,2,0.009009,8.9e-05,0.982572,0.007337,0.000875,0.000119
Hospital_1,521,3,3,0.0,0.0,0.0,0.999983,1.6e-05,0.0
Hospital_1,522,3,3,0.0,0.0,0.0,0.999479,0.00052,0.0
Hospital_1,523,5,5,0.000166,0.000809,1e-05,0.000542,0.010473,0.988001
Hospital_1,524,5,5,0.001322,0.05984,0.000555,0.022948,0.077449,0.837885
Hospital_1,525,3,3,0.0,0.0,0.0,0.99985,0.00015,0.0
Hospital_1,526,3,3,0.0,0.0,0.0,0.999979,2.1e-05,0.0
Hospital_1,527,2,2,0.004202,2e-05,0.990618,0.00407,0.001039,5.1e-05
Hospital_1,528,0,0,0.937787,0.006537,0.028695,0.008026,0.011191,0.007765
Hospital_1,529,2,2,0.024958,0.000273,0.961326,0.011331,0.001839,0.000275
Hospital_1,530,2,2,0.002347,9e-05,0.995227,0.001607,0.000469,0.000261
Hospital_1,531,2,2,0.007764,0.000182,0.964598,0.025402,0.001885,0.000169
Hospital_1,532,2,2,0.006613,5.9e-05,0.982768,0.009503,0.000958,9.9e-05
Hospital_1,533,3,3,0.0,0.0,1e-06,0.999937,6.2e-05,0.0
Hospital_1,534,3,3,0.0,0.0,1.5e-05,0.998946,0.001039,0.0
Hospital_1,535,2,2,0.006108,9.9e-05,0.991196,0.001973,0.000526,9.8e-05
Hospital_1,536,3,3,0.0,0.0,3e-06,0.999884,0.000114,0.0
Hospital_1,537,2,2,0.011744,9.9e-05,0.980173,0.006847,0.000986,0.00015
Hospital_1,538,2,2,0.022555,0.00025,0.971706,0.003453,0.001571,0.000464
Hospital_1,539,2,2,0.011357,0.000165,0.97182,0.014643,0.001837,0.000178
Hospital_1,540,2,2,0.002176,6.3e-05,0.985357,0.011695,0.000658,5.1e-05
Hospital_1,541,3,3,0.0,0.0,0.0,0.999747,0.000253,0.0
Hospital_1,542,3,3,0.0,0.0,1e-06,0.999965,3.4e-05,0.0
Hospital_1,543,3,3,0.0,0.0,1e-06,0.996115,0.003882,2e-06
Hospital_1,544,5,5,0.00024,0.001657,2.1e-05,0.000437,0.004232,0.993414
Hospital_1,545,2,2,0.012592,0.000133,0.982706,0.003306,0.001048,0.000216
Hospital_1,546,2,2,0.01832,0.000308,0.972982,0.006507,0.001455,0.000429
Hospital_1,547,3,3,0.0,0.0,0.0,0.999973,2.6e-05,0.0
Hospital_1,548,2,2,0.006467,5e-05,0.989227,0.003541,0.000654,6.2e-05
Hospital_1,549,2,2,0.008026,0.000113,0.979563,0.010238,0.001795,0.000266
Hospital_1,550,2,2,0.011725,0.000109,0.982437,0.004706,0.000879,0.000143
Hospital_1,551,2,2,0.023068,0.000218,0.961411,0.013234,0.00176,0.000309
Hospital_1,552,2,2,0.016556,0.000118,0.974242,0.007971,0.001016,9.7e-05
Hospital_1,553,2,2,0.00748,8.8e-05,0.988286,0.003296,0.000727,0.000124
Hospital_1,554,2,2,0.023842,0.000411,0.96462,0.008739,0.001875,0.000513
Hospital_1,555,5,5,0.000157,0.002241,5.4e-05,0.00094,0.006024,0.990584
Hospital_1,556,5,5,0.000313,0.008965,0.000412,0.016796,0.035175,0.938339
Hospital_1,557,2,2,0.010083,0.000221,0.974371,0.013015,0.001933,0.000376
Hospital_1,558,2,2,0.01437,0.000213,0.980862,0.003129,0.001044,0.000381
Hospital_1,559,3,3,0.0,0.0,2e-06,0.986653,0.013341,3e-06
Hospital_1,560,3,3,0.0,0.0,0.0,0.999991,9e-06,0.0
Hospital_1,561,3,3,0.0,0.0,0.0,0.999984,1.6e-05,0.0
Hospital_1,562,5,5,0.001755,0.000888,3e-06,0.000253,0.107004,0.890098
Hospital_1,563,5,5,0.000191,0.001636,2.7e-05,0.000726,0.005249,0.99217
Hospital_1,564,2,2,0.013521,0.000132,0.973184,0.010331,0.002285,0.000548
Hospital_1,565,2,2,0.015039,0.000206,0.9814,0.002438,0.000802,0.000117
Hospital_1,566,1,1,0.000679,0.98839,5e-06,1.6e-05,0.000449,0.010462
Hospital_1,567,2,2,0.009191,9.3e-05,0.985124,0.004539,0.000957,9.6e-05
Hospital_1,568,2,2,0.002917,0.0001,0.986775,0.009412,0.000748,4.8e-05
Hospital_1,569,3,3,0.0,0.0,2e-06,0.979709,0.020278,1.1e-05
Hospital_1,570,3,3,0.0,0.0,0.0,0.999651,0.000349,0.0
Hospital_1,571,2,2,0.019699,0.000201,0.971823,0.006412,0.001561,0.000304
Hospital_1,572,2,2,0.011617,0.000254,0.976688,0.009556,0.001508,0.000377
Hospital_1,573,2,2,0.008982,0.000149,0.973632,0.01523,0.0018,0.000207
Hospital_1,574,2,2,0.002702,0.000121,0.993874,0.00221,0.000699,0.000394
Hospital_1,575,2,2,0.01119,0.000128,0.983443,0.004084,0.000982,0.000172
Hospital_1,576,5,5,0.000454,0.003136,4e-05,0.001767,0.013084,0.981519
Hospital_1,577,3,3,0.0,0.0,0.0,0.999637,0.000363,0.0
Hospital_1,578,5,5,0.000325,0.013947,0.00023,0.007156,0.01282,0.965522
Hospital_1,579,2,2,0.00978,0.000174,0.985393,0.003263,0.001003,0.000386
Hospital_1,580,2,2,0.002554,6.5e-05,0.99138,0.005257,0.000654,9.1e-05
Hospital_1,581,2,2,0.004924,9.7e-05,0.991715,0.002551,0.000584,0.000129
Hospital_1,582,3,3,0.0,0.0,0.0,0.999997,3e-06,0.0
Hospital_1,583,2,2,0.007017,8.5e-05,0.981117,0.010261,0.001429,9e-05
Hospital_1,584,5,5,0.00301,0.00047,4e-06,0.000781,0.09494,0.900795
Hospital_1,585,5,5,0.008508,0.005709,1.1e-05,0.000519,0.148471,0.836782
Hospital_1,586,2,2,0.002838,1.8e-05,0.991041,0.005284,0.000775,4.3e-05
Hospital_1,587,3,3,0.0,0.0,2e-06,0.999917,8.1e-05,0.0
Hospital_1,588,5,5,0.001107,0.00191,0.000195,0.02299,0.088598,0.8852
Hospital_1,589,2,2,0.001828,0.000134,0.968097,0.029013,0.000842,8.6e-05
Hospital_1,590,1,1,0.000794,0.990132,3e-06,1.3e-05,0.000587,0.00847
Hospital_1,591,2,2,0.019302,0.000157,0.977396,0.002047,0.000987,0.000111
Hospital_1,592,2,2,0.010047,0.000228,0.979338,0.009059,0.001168,0.00016
Hospital_1,593,2,2,0.013258,0.000184,0.981031,0.004153,0.001071,0.000302
Hospital_1,594,2,2,0.019674,0.000159,0.976737,0.002312,0.001009,0.00011
Hospital_1,595,2,2,0.011439,0.000107,0.985344,0.002181,0.000845,8.4e-05
Hospital_1,596,2,2,0.017718,0.00012,0.972221,0.008088,0.001576,0.000278
Hospital_1,597,2,2,0.00301,9.4e-05,0.985783,0.010367,0.000661,8.6e-05
Hospital_1,598,2,2,0.004421,0.000142,0.987529,0.007025,0.000799,8.4e-05
Hospital_1,599,3,3,0.0,0.0,1e-06,0.999965,3.3e-05,0.0
Hospital_1,600,2,2,0.007928,0.000149,0.988133,0.00279,0.000747,0.000254
Hospital_1,601,2,2,0.008212,0.000133,0.987602,0.003315,0.000587,0.00015
Hospital_1,602,3,3,0.0,0.0,0.0,0.999974,2.6e-05,0.0
Hospital_1,603,2,2,0.054819,0.0006,0.934356,0.007107,0.002727,0.000391
Hospital_1,604,3,3,0.0,0.0,0.0,0.999985,1.5e-05,0.0
